0;0;0;0;0;0
0;35.23;105.69; 0.01;1;0
0;36.97;72.16; 0.01;1;0
1; 8.57;29.04; 0.01;1;0
1;39.31;30.36; 0.01;1;0
1;33.34;30.75; 0.01;1;0
1;36.08;31.33; 0.02;1;0
2;37.72;31.93; 0.02;1;0
2;31.78;31.92; 0.02;1;0
2;32.62;31.98; 0.02;1;0
2;35.40;32.24; 0.02;1;0
4; 4.33;21.56; 0.03;1;0
4;36.26;22.21; 0.03;1;0
4;33.80;22.72; 0.03;1;0
5;30.74;23.10; 0.03;1;0
5;32.90;23.51; 0.04;1;0
5;32.47;23.88; 0.04;1;0
6;14.94;23.15; 0.04;1;0
6;33.49;23.51; 0.04;1;0
6;38.11;23.95; 0.04;1;0
7; 9.71;22.45; 0.05;1;0
7;26.58;22.61; 0.05;1;0
7;29.52;22.83; 0.05;1;0
8;28.73;23.02; 0.05;1;0
8;30.00;23.23; 0.05;1;0
8;34.74;23.51; 0.06;1;0
8;29.18;23.68; 0.06;1;0
9;14.91;23.21; 0.06;1;0
9;30.12;23.39; 0.06;1;0
9;30.74;23.57; 0.06;1;0
10;31.78;23.76; 0.07;1;0
10;30.99;23.93; 0.07;1;0
10;28.40;24.04; 0.07;1;0
10;28.95;24.16; 0.07;1;0
11;29.06;24.27; 0.07;1;0
11;28.18;24.36; 0.08;1;0
11;32.06;24.52; 0.08;1;0
12; 9.29;23.53; 0.08;1;0
12;31.51;23.68; 0.08;1;0
12;30.61;23.81; 0.09;1;0
13;30.00;23.93; 0.09;1;0
13;31.92;24.07; 0.09;1;0
13;31.65;24.20; 0.09;1;0
13;29.29;24.29; 0.09;1;0
14;28.08;24.37; 0.10;1;0
14;28.84;24.45; 0.10;1;0
14;14.07;24.08; 0.10;1;0
15;33.64;24.22; 0.10;1;0
15;27.66;24.28; 0.10;1;0
15;28.73;24.35; 0.11;1;0
15;28.40;24.42; 0.11;1;0
16;29.88;24.50; 0.11;1;0
16;28.18;24.56; 0.11;1;0
16;28.40;24.62; 0.11;1;0
16;26.67;24.66; 0.12;1;0
17;27.56;24.70; 0.12;1;0
17;26.30;24.73; 0.12;1;0
17;31.65;24.82; 0.12;1;0
17;33.64;24.93; 0.12;1;0
18;31.51;25.01; 0.13;1;0
18;28.40;25.06; 0.13;1;0
18;28.62;25.11; 0.13;1;0
19;33.34;25.27; 0.13;1;0
19;32.06;25.35; 0.14;1;0
19;30.24;25.41; 0.14;1;0
19;26.67;25.43; 0.14;1;0
20;28.73;25.47; 0.14;1;0
20;28.73;25.51; 0.15;1;0
20;32.90;25.59; 0.15;1;0
20;30.61;25.65; 0.15;1;0
21;32.33;25.73; 0.15;1;0
21;38.90;25.84; 0.15;1;0
21;31.12;25.90; 0.16;1;0
21;45.54;26.05; 0.16;1;0
22;18.31;25.91; 0.16;1;0
22;32.47;25.98; 0.16;1;0
22;34.90;26.06; 0.16;1;0
23;16.27;25.87; 0.17;1;0
23;30.61;25.91; 0.17;1;0
23;30.36;25.96; 0.17;1;0
23;34.42;26.04; 0.17;1;0
24;35.07;26.12; 0.17;1;0
24;31.78;26.17; 0.18;1;0
24;33.34;26.24; 0.18;1;0
24;32.33;26.30; 0.18;1;0
25;10.15;25.83; 0.18;1;0
25;33.95;25.90; 0.18;1;0
25;33.05;25.96; 0.19;1;0
26;38.90;26.06; 0.19;1;0
26;39.10;26.15; 0.19;1;0
26;33.20;26.21; 0.19;1;0
26;31.78;26.26; 0.20;1;0
26;29.29;26.29; 0.20;1;0
27;32.90;26.34; 0.20;1;0
27;34.26;26.41; 0.20;1;0
27;31.38;26.45; 0.20;1;0
27;35.40;26.52; 0.21;1;0
28;33.95;26.58; 0.21;1;0
28;34.26;26.67; 0.21;1;0
28;29.52;26.69; 0.21;1;0
29;34.90;26.75; 0.22;1;0
29;33.34;26.80; 0.22;1;0
29;31.92;26.84; 0.22;1;0
29;34.42;26.90; 0.22;1;0
29;33.20;26.95; 0.22;1;0
30;28.84;26.96; 0.23;1;0
30;32.76;27.01; 0.23;1;0
30;33.49;27.05; 0.23;1;0
30;33.34;27.10; 0.23;1;0
31;31.25;27.13; 0.23;1;0
31;32.06;27.17; 0.24;1;0
31;30.74;27.19; 0.24;1;0
31;31.25;27.22; 0.24;1;0
32;34.74;27.28; 0.24;1;0
32;34.90;27.33; 0.24;1;0
32;34.42;27.37; 0.25;1;0
32;34.26;27.42; 0.25;1;0
32;30.36;27.44; 0.25;1;0
33;38.50;27.51; 0.25;1;0
33;32.06;27.54; 0.26;1;0
33;32.33;27.57; 0.26;1;0
33;33.20;27.61; 0.26;1;0
34;32.33;27.64; 0.26;1;0
34;33.64;27.68; 0.26;1;0
34;32.19;27.71; 0.27;1;0
34;31.51;27.74; 0.27;1;0
34;34.42;27.78; 0.27;1;0
35;31.65;27.80; 0.27;1;0
35;36.08;27.85; 0.27;1;0
35;33.95;27.89; 0.28;1;0
35;34.58;27.93; 0.28;1;0
36;34.58;27.97; 0.28;1;0
36;36.43;28.02; 0.28;1;0
36;36.43;28.06; 0.28;1;0
36;32.47;28.09; 0.29;1;0
36;33.80;28.13; 0.29;1;0
37;32.62;28.15; 0.29;1;0
37;33.49;28.19; 0.29;1;0
37;33.64;28.22; 0.29;1;0
37;36.08;28.26; 0.30;1;0
38;36.08;28.34; 0.30;1;0
38;36.97;28.38; 0.30;1;0
38;42.44;28.44; 0.30;1;0
38;30.99;28.46; 0.31;1;0
39;37.34;28.51; 0.31;1;0
39;37.34;28.55; 0.31;1;0
39;17.33;28.43; 0.31;1;0
40; 6.87;27.85; 0.32;1;0
40;42.44;27.92; 0.32;1;0
41;31.65;27.93; 0.32;1;0
41;32.33;27.96; 0.32;1;0
42;16.06;27.83; 0.33;1;0
42;33.49;27.86; 0.33;1;0
42;33.20;27.88; 0.33;1;0
42;32.06;27.91; 0.33;1;0
43;34.42;27.94; 0.33;1;0
43;33.80;27.97; 0.34;1;0
43;33.64;28.00; 0.34;1;0
43;37.16;28.04; 0.34;1;0
43;33.64;28.07; 0.34;1;0
44;36.79;28.11; 0.34;1;0
44;34.90;28.14; 0.35;1;0
44;36.26;28.18; 0.35;1;0
44;36.97;28.22; 0.35;1;0
44;38.11;28.26; 0.35;1;0
45;18.35;28.17; 0.35;1;0
45;37.16;28.21; 0.36;1;0
45;35.07;28.24; 0.36;1;0
45;35.07;28.28; 0.36;1;0
46;35.57;28.34; 0.37;1;0
46;34.58;28.37; 0.37;1;0
46;33.05;28.39; 0.37;1;0
47;32.76;28.41; 0.37;1;0
47;31.51;28.42; 0.37;1;0
47;36.43;28.46; 0.38;1;0
47;37.91;28.50; 0.38;1;0
48;37.91;28.50; 0.38;1;1
49; 4.77;27.74; 0.38;1;1
49; 4.77;27.74; 0.38;1;0
49;34.58;27.77; 0.38;1;0
49;33.80;27.80; 0.38;1;0
49;30.74;27.81; 0.39;1;0
50;30.74;27.81; 0.39;1;1
50;30.74;27.81; 0.39;1;0
51;30.74;27.81; 0.39;1;1
51; 4.99;27.15; 0.39;1;1
51; 4.99;27.15; 0.39;1;0
51;33.80;27.18; 0.39;1;0
52;15.06;27.06; 0.39;1;0
52;15.06;27.06; 0.39;1;1
52;33.20;27.09; 0.39;1;1
52;33.20;27.09; 0.39;1;0
52;32.06;27.11; 0.40;1;0
52;31.51;27.13; 0.40;1;0
53;31.92;27.15; 0.40;1;0
53;33.95;27.18; 0.40;1;0
53;32.06;27.20; 0.40;1;0
53;32.90;27.23; 0.41;1;0
54;32.33;27.25; 0.41;1;0
54;31.92;27.27; 0.41;1;0
54;32.62;27.29; 0.41;1;0
54;33.34;27.32; 0.41;1;0
54;35.23;27.35; 0.42;1;0
55;35.23;27.38; 0.42;1;0
55;17.70;27.30; 0.42;1;0
55;36.43;27.34; 0.42;1;0
55;36.43;27.37; 0.43;1;0
56;31.92;27.39; 0.43;1;0
56;32.47;27.41; 0.43;1;0
56;33.64;27.43; 0.43;1;0
56;33.05;27.46; 0.43;1;0
57;35.40;27.49; 0.44;1;0
57;37.53;27.52; 0.44;1;0
57;32.90;27.54; 0.44;1;0
57;35.91;27.57; 0.44;1;0
57;34.74;27.60; 0.44;1;0
58;34.10;27.62; 0.45;1;0
58;33.64;27.65; 0.45;1;0
58;35.74;27.67; 0.45;1;0
59;33.80;27.72; 0.45;1;0
59;36.79;27.75; 0.46;1;0
60; 8.69;27.48; 0.46;1;0
60;34.58;27.50; 0.46;1;0
60;36.43;27.53; 0.46;1;0
60;35.23;27.56; 0.46;1;0
60;36.61;27.59; 0.47;1;0
61;35.57;27.62; 0.47;1;0
61;34.26;27.64; 0.47;1;0
61;34.74;27.67; 0.47;1;0
61;34.42;27.69; 0.48;1;0
61;36.08;27.72; 0.48;1;0
62;37.91;27.75; 0.48;1;0
62;37.72;27.78; 0.48;1;0
62;34.42;27.81; 0.48;1;0
62;35.23;27.83; 0.49;1;0
63;35.07;27.85; 0.49;1;0
63;34.74;27.88; 0.49;1;0
63;32.33;27.89; 0.49;1;0
63;34.26;27.92; 0.49;1;0
64;35.40;27.97; 0.50;1;0
64;35.23;27.99; 0.50;1;0
64;37.72;28.02; 0.50;1;0
64;36.79;28.05; 0.50;1;0
64;33.34;28.07; 0.51;1;0
65;33.95;28.09; 0.51;1;0
65;40.16;28.12; 0.51;1;0
65;35.91;28.14; 0.51;1;0
65;37.16;28.17; 0.51;1;0
65;38.90;28.20; 0.52;1;0
66;35.40;28.23; 0.52;1;0
66;37.91;28.26; 0.52;1;0
66;36.61;28.28; 0.52;1;0
66;18.13;28.22; 0.52;1;0
67;36.97;28.24; 0.53;1;0
67;38.30;28.27; 0.53;1;0
67;36.97;28.30; 0.53;1;0
67;33.95;28.32; 0.53;1;0
67;37.72;28.35; 0.54;1;0
68;33.80;28.36; 0.54;1;0
68;36.08;28.39; 0.54;1;0
68;34.74;28.41; 0.54;1;0
68;36.97;28.43; 0.54;1;0
69;34.26;28.45; 0.55;1;0
69;34.42;28.47; 0.55;1;0
69;35.74;28.49; 0.55;1;0
69;35.07;28.51; 0.55;1;0
69;35.40;28.53; 0.55;1;0
70;35.57;28.55; 0.56;1;0
70;35.74;28.57; 0.56;1;0
70;34.90;28.59; 0.56;1;0
70;35.23;28.61; 0.56;1;0
70;34.74;28.63; 0.56;1;0
71;35.74;28.65; 0.57;1;0
71;35.23;28.67; 0.57;1;0
71;35.07;28.69; 0.57;1;0
71;34.58;28.71; 0.57;1;0
72;34.42;28.73; 0.57;1;0
72;35.07;28.74; 0.58;1;0
72;33.49;28.76; 0.58;1;0
72;36.43;28.78; 0.58;1;0
72;37.34;28.80; 0.58;1;0
73;36.26;28.83; 0.59;1;0
73;38.90;28.85; 0.59;1;0
73;18.00;28.79; 0.59;1;0
73;36.26;28.81; 0.59;1;0
74;37.53;28.83; 0.59;1;0
74;33.64;28.85; 0.60;1;0
74;33.20;28.86; 0.60;1;0
74;33.49;28.88; 0.60;1;0
74;32.76;28.89; 0.60;1;0
75;33.80;28.90; 0.60;1;0
75;36.26;28.92; 0.61;1;0
75;36.61;28.94; 0.61;1;0
75;35.07;28.96; 0.61;1;0
76;39.31;28.99; 0.61;1;0
76;34.90;29.00; 0.61;1;0
76;35.57;29.02; 0.62;1;0
76;35.40;29.04; 0.62;1;0
76;33.80;29.05; 0.62;1;0
77;34.26;29.08; 0.62;1;0
77;33.64;29.09; 0.63;1;0
77;31.38;29.10; 0.63;1;0
78;31.92;29.11; 0.63;1;0
78;32.76;29.12; 0.63;1;0
78;30.99;29.12; 0.63;1;0
78;34.26;29.14; 0.64;1;0
78;33.95;29.15; 0.64;1;0
79;35.23;29.17; 0.64;1;0
79;36.61;29.19; 0.64;1;0
79;32.76;29.20; 0.65;1;0
79;37.16;29.22; 0.65;1;0
79;36.61;29.24; 0.65;1;0
80;32.90;29.25; 0.65;1;0
80;28.84;29.24; 0.65;1;0
80;35.23;29.26; 0.66;1;0
81;34.58;29.29; 0.66;1;0
81;33.80;29.30; 0.66;1;0
81;33.95;29.31; 0.66;1;0
81;34.10;29.33; 0.67;1;0
82;32.33;29.35; 0.67;1;0
82;32.19;29.36; 0.67;1;0
82;33.34;29.37; 0.67;1;0
82;32.62;29.38; 0.68;1;0
83;31.38;29.38; 0.68;1;0
83;32.06;29.39; 0.68;1;0
83;33.49;29.40; 0.68;1;0
83;32.06;29.41; 0.68;1;0
84;33.49;29.42; 0.69;1;0
84;32.90;29.43; 0.69;1;0
84;31.12;29.43; 0.69;1;0
84;33.95;29.44; 0.69;1;0
84;31.12;29.45; 0.70;1;0
85;30.86;29.45; 0.70;1;0
85;31.38;29.46; 0.70;1;0
85;33.80;29.47; 0.70;1;0
85;32.47;29.48; 0.70;1;0
86;33.95;29.49; 0.71;1;0
86;36.08;29.51; 0.71;1;0
86;36.26;29.52; 0.71;1;0
86;34.26;29.53; 0.71;1;0
86;33.80;29.54; 0.71;1;0
87;11.87;29.42; 0.72;1;0
89; 3.15;28.72; 0.72;1;0
