0;0;0;0;0;0
0;25.32;75.96; 0.01;1;0
0;25.84;51.16; 0.01;1;0
1; 8.74;25.95; 0.01;1;0
1;40.16;27.58; 0.01;1;0
1;50.13;29.47; 0.01;1;0
2;14.17;25.97; 0.02;1;0
2;24.90;25.84; 0.02;1;0
3; 6.30;19.72; 0.02;1;0
4; 7.55;17.20; 0.02;1;0
5;11.78;16.57; 0.02;1;0
5;39.73;17.34; 0.03;1;0
6;11.25;16.70; 0.03;1;0
7; 6.93;15.27; 0.03;1;0
7;22.56;15.58; 0.03;1;0
8; 7.55;14.66; 0.04;1;0
9;21.34;14.92; 0.04;1;0
9;32.06;15.35; 0.04;1;0
9;53.35;15.92; 0.04;1;0
9;52.97;16.47; 0.04;1;0
9;19.71;16.59; 0.05;1;0
12; 3.17;14.02; 0.05;1;0
12;11.16;13.87; 0.05;1;0
13;56.58;14.30; 0.05;1;0
13;103.74;14.79; 0.05;1;0
13;61.22;15.22; 0.06;1;0
13;97.00;15.69; 0.06;1;0
13;20.46;15.82; 0.06;1;0
13;32.62;16.10; 0.06;1;0
14;42.92;16.43; 0.06;1;0
14;38.70;16.73; 0.07;1;0
14;34.90;17.00; 0.07;1;0
14;71.13;17.39; 0.07;1;0
14;23.64;17.52; 0.07;1;0
16; 4.83;16.33; 0.07;1;0
23; 1.12;11.94; 0.08;1;0
23; 8.97;11.84; 0.08;1;0
24;25.23;12.00; 0.08;1;0
24;31.25;12.19; 0.08;1;0
24;49.79;12.42; 0.09;1;0
24;72.51;12.67; 0.09;1;0
24;71.13;12.92; 0.09;1;0
25;30.99;13.09; 0.09;1;0
25;16.24;13.15; 0.09;1;0
25;29.88;13.31; 0.10;1;0
25;68.52;13.54; 0.10;1;0
26;32.90;13.71; 0.10;1;0
26;15.06;13.73; 0.10;1;0
27;10.36;13.65; 0.10;1;0
27;15.82;13.68; 0.11;1;0
28;32.19;13.84; 0.11;1;0
43; 0.48; 9.07; 0.11;1;0
43;22.77; 9.18; 0.11;1;0
44;31.38; 9.30; 0.11;1;0
44;11.53; 9.33; 0.12;1;0
47; 2.49; 8.90; 0.12;1;0
48;38.30; 9.02; 0.12;1;0
48;32.62; 9.13; 0.12;1;0
48;37.91; 9.25; 0.12;1;0
48;43.42; 9.37; 0.13;1;0
48;38.30; 9.48; 0.13;1;0
49;37.91; 9.60; 0.13;1;0
49;29.06; 9.70; 0.13;1;0
49;43.93; 9.82; 0.13;1;0
49;23.41; 9.91; 0.14;1;0
49;56.16;10.03; 0.14;1;0
50;34.10;10.13; 0.14;1;0
50;28.29;10.23; 0.14;1;0
50;56.16;10.35; 0.15;1;0
50;43.17;10.46; 0.15;1;0
51; 7.90;10.41; 0.15;1;0
52; 8.15;10.38; 0.15;1;0
53; 7.36;10.32; 0.15;1;0
54;11.54;10.33; 0.16;1;0
54;37.53;10.43; 0.16;1;0
54;28.84;10.52; 0.16;1;0
56; 5.59;10.40; 0.16;1;0
56;10.76;10.41; 0.16;1;0
57;20.98;10.47; 0.17;1;0
57;16.31;10.52; 0.17;1;0
57;23.79;10.59; 0.17;1;0
58;33.64;10.68; 0.17;1;0
58;44.72;10.78; 0.17;1;0
58; 9.95;10.77; 0.18;1;0
60; 5.95;10.67; 0.18;1;0
60;27.06;10.74; 0.18;1;0
60;39.52;10.83; 0.18;1;0
60;40.16;10.92; 0.18;1;0
61;42.20;11.01; 0.19;1;0
61;45.27;11.10; 0.19;1;0
61;38.11;11.19; 0.19;1;0
61;19.86;11.24; 0.19;1;0
61;50.47;11.34; 0.20;1;0
62; 8.58;11.30; 0.20;1;0
62;60.72;11.39; 0.20;1;0
64; 6.42;11.30; 0.20;1;0
64;15.03;11.33; 0.20;1;0
66; 4.01;11.13; 0.21;1;0
66;37.72;11.21; 0.21;1;0
67;18.49;11.25; 0.21;1;0
67;25.32;11.31; 0.21;1;0
67;61.22;11.40; 0.21;1;0
67;85.85;11.50; 0.22;1;0
67;41.96;11.58; 0.22;1;0
68;23.34;11.63; 0.22;1;0
68;16.82;11.67; 0.22;1;0
68;67.29;11.76; 0.22;1;0
69;17.37;11.79; 0.23;1;0
69;28.95;11.86; 0.23;1;0
69;62.24;11.94; 0.23;1;0
69;49.14;12.02; 0.23;1;0
69;35.57;12.09; 0.23;1;0
70;19.25;12.13; 0.24;1;0
71; 8.83;12.09; 0.24;1;0
71;42.20;12.17; 0.24;1;0
71;34.58;12.24; 0.24;1;0
72; 7.78;12.18; 0.24;1;0
73; 8.42;12.13; 0.25;1;0
73;10.70;12.12; 0.25;1;0
74; 9.14;12.09; 0.25;1;0
74;116.70;12.18; 0.25;1;0
75;39.52;12.25; 0.26;1;0
75;17.91;12.28; 0.26;1;0
75;42.68;12.35; 0.26;1;0
75;36.61;12.41; 0.26;1;0
76;36.97;12.48; 0.26;1;0
76;29.18;12.53; 0.27;1;0
76;45.82;12.60; 0.27;1;0
77;13.08;12.61; 0.27;1;0
77;16.63;12.63; 0.27;1;0
77;32.90;12.69; 0.27;1;0
77;28.95;12.74; 0.28;1;0
78;28.84;12.80; 0.28;1;0
78;27.26;12.85; 0.28;1;0
78;32.47;12.91; 0.28;1;0
78;30.12;12.96; 0.28;1;0
79; 9.76;12.93; 0.29;1;0
80;12.72;12.93; 0.29;1;0
80;24.49;12.97; 0.29;1;0
80;22.10;13.01; 0.29;1;0
81;25.23;13.05; 0.29;1;0
81;25.06;13.10; 0.30;1;0
81;29.64;13.15; 0.30;1;0
82;23.94;13.19; 0.30;1;0
82;19.81;13.22; 0.30;1;0
82;34.74;13.28; 0.30;1;0
83;22.98;13.31; 0.31;1;0
83;23.20;13.35; 0.31;1;0
83;26.12;13.40; 0.31;1;0
83;21.40;13.43; 0.31;1;0
84;30.24;13.48; 0.32;1;0
84;26.30;13.52; 0.32;1;0
84;24.49;13.56; 0.32;1;0
85;26.58;13.60; 0.32;1;0
85;21.34;13.64; 0.32;1;0
85;26.67;13.68; 0.33;1;0
86;23.71;13.71; 0.33;1;0
86;24.98;13.75; 0.33;1;0
87;10.53;13.73; 0.33;1;0
87;26.30;13.77; 0.33;1;0
88; 8.89;13.72; 0.34;1;0
88;29.18;13.77; 0.34;1;0
88;29.76;13.81; 0.34;1;0
88;25.15;13.85; 0.34;1;0
89;24.65;13.89; 0.34;1;0
89;27.36;13.93; 0.35;1;0
89;26.58;13.97; 0.35;1;0
90;12.30;13.96; 0.35;1;0
90;15.31;13.96; 0.35;1;0
91; 7.01;13.88; 0.35;1;0
92;15.40;13.89; 0.36;1;0
92;25.67;13.93; 0.36;1;0
93;26.39;14.01; 0.36;1;0
93;33.34;14.05; 0.37;1;0
93;30.99;14.10; 0.37;1;0
94;29.29;14.14; 0.37;1;0
94;38.11;14.19; 0.37;1;0
94;13.56;14.18; 0.37;1;0
95;34.10;14.23; 0.38;1;0
95;79.46;14.29; 0.38;1;0
95;27.66;14.33; 0.38;1;0
95;47.27;14.39; 0.38;1;0
95;54.12;14.44; 0.38;1;0
95;47.27;14.50; 0.39;1;0
95;67.29;14.56; 0.39;1;0
96;43.68;14.61; 0.39;1;0
96;78.62;14.67; 0.39;1;0
96;26.21;14.71; 0.39;1;0
97; 9.83;14.67; 0.40;1;0
97;27.77;14.70; 0.40;1;0
97;22.50;14.73; 0.40;1;0
98;13.10;14.72; 0.40;1;0
98;27.06;14.76; 0.40;1;0
99;29.64;14.84; 0.41;1;0
99;27.36;14.87; 0.41;1;0
100; 9.48;14.83; 0.41;1;0
100;16.82;14.84; 0.41;1;0
100;35.07;14.88; 0.42;1;0
101;38.90;14.92; 0.42;1;0
101;77.00;14.98; 0.42;1;0
101;59.75;15.04; 0.42;1;0
101;31.78;15.08; 0.43;1;0
102; 8.56;15.02; 0.43;1;0
106; 1.78;14.50; 0.43;1;0
106;35.07;14.54; 0.43;1;0
107;28.29;14.58; 0.43;1;0
107;29.64;14.61; 0.44;1;0
107;15.27;14.62; 0.44;1;0
109; 3.45;14.40; 0.44;1;0
111; 6.91;14.32; 0.44;1;0
111; 8.11;14.27; 0.44;1;0
112;10.82;14.25; 0.45;1;0
113;13.58;14.25; 0.45;1;0
113;22.36;14.27; 0.45;1;0
114;13.56;14.27; 0.45;1;0
114;27.87;14.30; 0.45;1;0
114;18.40;14.31; 0.46;1;0
114;49.46;14.36; 0.46;1;0
115;22.36;14.38; 0.46;1;0
116; 8.92;14.34; 0.46;1;0
116;19.71;14.36; 0.46;1;0
116;15.37;14.37; 0.47;1;0
117;55.74;14.41; 0.47;1;0
117;19.76;14.43; 0.47;1;0
117;17.45;14.44; 0.47;1;0
118;20.98;14.46; 0.48;1;0
118;19.66;14.48; 0.48;1;0
118;22.16;14.50; 0.48;1;0
119;32.90;14.53; 0.48;1;0
119;34.42;14.57; 0.48;1;0
119;34.90;14.61; 0.49;1;0
120;19.97;14.62; 0.49;1;0
121; 3.94;14.46; 0.49;1;0
122;21.28;14.48; 0.49;1;0
122;31.38;14.51; 0.49;1;0
122;21.59;14.53; 0.50;1;0
122;51.87;14.57; 0.50;1;0
123;17.95;14.59; 0.50;1;0
123;35.91;14.62; 0.50;1;0
124;19.40;14.64; 0.50;1;0
124;28.62;14.67; 0.51;1;0
125; 6.56;14.59; 0.51;1;0
127; 4.20;14.45; 0.51;1;0
127;55.33;14.49; 0.51;1;0
127;78.62;14.54; 0.51;1;0
127;51.16;14.58; 0.52;1;0
127;57.01;14.62; 0.52;1;0
127;72.51;14.67; 0.52;1;0
127;64.39;14.71; 0.52;1;0
128;61.22;14.76; 0.52;1;0
128;87.87;14.81; 0.53;1;0
128;54.12;14.85; 0.53;1;0
128;33.20;14.88; 0.53;1;0
128;35.57;14.92; 0.53;1;0
129;11.21;14.90; 0.54;1;0
129;19.00;14.91; 0.54;1;0
130;11.49;14.89; 0.54;1;0
130;34.42;14.92; 0.54;1;0
131;11.16;14.91; 0.54;1;0
131;69.80;14.95; 0.55;1;0
131;29.52;14.98; 0.55;1;0
131;28.84;15.01; 0.55;1;0
132;33.95;15.04; 0.55;1;0
132;30.49;15.07; 0.55;1;0
132;12.11;15.05; 0.56;1;0
133;39.31;15.09; 0.56;1;0
134; 5.75;15.00; 0.56;1;0
135; 6.67;14.93; 0.56;1;0
136; 9.60;14.90; 0.56;1;0
136;44.72;14.93; 0.57;1;0
136;75.44;14.98; 0.57;1;0
136;57.45;15.02; 0.57;1;0
136;59.28;15.06; 0.57;1;0
137;51.87;15.10; 0.57;1;0
137;67.29;15.14; 0.58;1;0
137;33.20;15.17; 0.58;1;0
137;35.91;15.20; 0.58;1;0
137;30.36;15.23; 0.58;1;0
138;34.74;15.26; 0.59;1;0
138;26.39;15.28; 0.59;1;0
138;34.74;15.31; 0.59;1;0
139; 7.75;15.26; 0.59;1;0
139;30.74;15.29; 0.59;1;0
139;48.50;15.32; 0.60;1;0
140;54.12;15.36; 0.60;1;0
141; 6.89;15.30; 0.60;1;0
141;25.49;15.32; 0.60;1;0
141;32.47;15.34; 0.60;1;0
141;26.21;15.37; 0.61;1;0
142;61.73;15.41; 0.61;1;0
142;19.92;15.42; 0.61;1;0
142;22.23;15.43; 0.61;1;0
143;12.83;15.42; 0.61;1;0
143;17.13;15.43; 0.62;1;0
144;23.71;15.45; 0.62;1;0
144;22.91;15.46; 0.62;1;0
144;25.67;15.48; 0.62;1;0
145;25.40;15.50; 0.62;1;0
145;22.70;15.52; 0.63;1;0
145;23.49;15.54; 0.63;1;0
145;23.71;15.55; 0.63;1;0
146;24.41;15.57; 0.63;1;0
146;26.30;15.59; 0.63;1;0
146;22.84;15.61; 0.64;1;0
147;10.13;15.58; 0.64;1;0
148; 5.46;15.49; 0.64;1;0
149;57.90;15.53; 0.64;1;0
149;24.49;15.55; 0.65;1;0
149;33.64;15.57; 0.65;1;0
149;21.65;15.59; 0.65;1;0
150;38.30;15.65; 0.65;1;0
150;35.40;15.68; 0.66;1;0
150;34.74;15.70; 0.66;1;0
150;48.50;15.74; 0.66;1;0
151;39.52;15.77; 0.66;1;0
151;21.59;15.78; 0.66;1;0
151;44.72;15.81; 0.67;1;0
151;32.47;15.84; 0.67;1;0
151;56.16;15.87; 0.67;1;0
152;10.61;15.85; 0.67;1;0
153;22.03;15.86; 0.67;1;0
153;23.86;15.88; 0.68;1;0
153;29.06;15.90; 0.68;1;0
153;31.12;15.92; 0.68;1;0
153;63.84;15.96; 0.68;1;0
154;43.68;15.99; 0.68;1;0
154;18.53;16.00; 0.69;1;0
154;89.99;16.04; 0.69;1;0
155;32.06;16.08; 0.69;1;0
155;16.03;16.08; 0.70;1;0
155;44.46;16.11; 0.70;1;0
155;54.12;16.15; 0.70;1;0
156;43.93;16.18; 0.70;1;0
156;24.57;16.19; 0.70;1;0
157; 8.82;16.15; 0.71;1;0
157;53.73;16.19; 0.71;1;0
157;13.13;16.18; 0.71;1;0
158;29.06;16.20; 0.71;1;0
158;28.29;16.22; 0.71;1;0
159; 7.85;16.17; 0.72;1;0
159;44.72;16.20; 0.72;1;0
160; 5.79;16.11; 0.72;1;0
161;25.15;16.13; 0.72;1;0
161;71.82;16.17; 0.72;1;0
161;23.64;16.18; 0.73;1;0
161;50.47;16.21; 0.73;1;0
161;71.13;16.25; 0.73;1;0
162;26.12;16.26; 0.73;1;0
162;30.86;16.29; 0.73;1;0
162;32.06;16.31; 0.74;1;0
162;31.78;16.33; 0.74;1;0
164; 5.12;16.23; 0.74;1;0
164;12.62;16.22; 0.74;1;0
165;12.53;16.21; 0.74;1;0
165;40.16;16.23; 0.75;1;0
165;36.08;16.26; 0.75;1;0
165;63.30;16.29; 0.75;1;0
166;54.92;16.32; 0.75;1;0
166;24.02;16.34; 0.76;1;0
166;35.07;16.36; 0.76;1;0
166;23.71;16.37; 0.76;1;0
167;22.50;16.39; 0.76;1;0
170; 2.59;16.15; 0.76;1;0
170;29.29;16.17; 0.77;1;0
170;16.71;16.17; 0.77;1;0
171;37.91;16.20; 0.77;1;0
171;30.86;16.22; 0.77;1;0
171;32.76;16.24; 0.77;1;0
171;16.86;16.24; 0.78;1;0
172; 7.90;16.20; 0.78;1;0
173;61.73;16.23; 0.78;1;0
173;36.97;16.25; 0.78;1;0
173;16.71;16.26; 0.78;1;0
173;42.68;16.28; 0.79;1;0
174;29.52;16.30; 0.79;1;0
174;62.76;16.33; 0.79;1;0
174;30.49;16.35; 0.79;1;0
174;22.30;16.36; 0.79;1;0
175;21.40;16.37; 0.80;1;0
175;29.18;16.39; 0.80;1;0
175;31.38;16.41; 0.80;1;0
175;35.74;16.44; 0.80;1;0
176;22.56;16.45; 0.80;1;0
176;35.57;16.47; 0.81;1;0
176;33.64;16.49; 0.81;1;0
176;51.16;16.52; 0.81;1;0
176;39.31;16.55; 0.81;1;0
177;24.57;16.56; 0.82;1;0
177;26.21;16.57; 0.82;1;0
177;26.30;16.59; 0.82;1;0
178;35.23;16.61; 0.82;1;0
178;39.73;16.64; 0.82;1;0
178;40.59;16.66; 0.83;1;0
178;58.35;16.69; 0.83;1;0
178;50.47;16.72; 0.83;1;0
178;64.95;16.75; 0.83;1;0
178;57.01;16.78; 0.83;1;0
179;30.24;16.80; 0.84;1;0
179;32.33;16.82; 0.84;1;0
179;20.08;16.82; 0.84;1;0
180;10.59;16.80; 0.84;1;0
180;32.47;16.82; 0.84;1;0
180;36.08;16.84; 0.85;1;0
181;28.29;16.86; 0.85;1;0
181;28.73;16.88; 0.85;1;0
181;31.25;16.90; 0.85;1;0
181;30.49;16.91; 0.85;1;0
182;31.92;16.93; 0.86;1;0
182;26.49;16.95; 0.86;1;0
182;28.29;16.96; 0.86;1;0
182;31.65;16.98; 0.86;1;0
183;33.80;17.00; 0.87;1;0
183;29.06;17.02; 0.87;1;0
183;30.61;17.04; 0.87;1;0
183;27.66;17.05; 0.87;1;0
184;17.62;17.05; 0.87;1;0
185;10.27;17.03; 0.88;1;0
185;25.15;17.04; 0.88;1;0
185;28.62;17.06; 0.88;1;0
185;27.06;17.07; 0.88;1;0
186;42.20;17.10; 0.88;1;0
186;29.76;17.11; 0.89;1;0
186;35.07;17.13; 0.89;1;0
186;34.90;17.15; 0.89;1;0
186;38.11;17.18; 0.89;1;0
187;32.19;17.19; 0.89;1;0
187;28.95;17.21; 0.90;1;0
187;33.64;17.23; 0.90;1;0
188; 6.08;17.16; 0.90;1;0
189;23.56;17.17; 0.90;1;0
189;27.56;17.18; 0.90;1;0
189;32.62;17.20; 0.91;1;0
190; 6.70;17.14; 0.91;1;0
191;27.77;17.16; 0.91;1;0
191;27.36;17.17; 0.91;1;0
192; 5.41;17.09; 0.91;1;0
193;24.33;17.10; 0.92;1;0
193;35.40;17.12; 0.92;1;0
194;10.15;17.09; 0.92;1;0
194;34.74;17.11; 0.92;1;0
194;36.97;17.13; 0.93;1;0
194;35.23;17.15; 0.93;1;0
194;37.34;17.17; 0.93;1;0
195;35.07;17.19; 0.93;1;0
195;31.12;17.21; 0.93;1;0
195;14.39;17.20; 0.94;1;0
196;35.07;17.22; 0.94;1;0
196;35.07;17.24; 0.94;1;0
196;35.91;17.26; 0.94;1;0
197; 8.18;17.22; 0.94;1;0
197;37.53;17.24; 0.95;1;0
197;32.06;17.26; 0.95;1;0
198;23.41;17.27; 0.95;1;0
198;35.91;17.28; 0.95;1;0
198;34.10;17.30; 0.95;1;0
198;27.66;17.32; 0.96;1;0
199;33.49;17.34; 0.96;1;0
199;33.80;17.35; 0.96;1;0
199;33.95;17.37; 0.96;1;0
199;34.58;17.39; 0.96;1;0
200;16.71;17.41; 0.97;1;0
200;40.81;17.43; 0.97;1;0
200;35.07;17.45; 0.97;1;0
201;32.76;17.46; 0.98;1;0
201;29.88;17.48; 0.98;1;0
201;32.06;17.50; 0.98;1;0
201;35.40;17.52; 0.98;1;0
201;33.34;17.53; 0.98;1;0
202;33.05;17.55; 0.99;1;0
202;31.65;17.59; 0.99;1;0
203;16.13;17.58; 0.99;1;0
203;36.43;17.60; 0.99;1;0
204; 8.75;17.56; 1.00;1;0
204;28.40;17.58; 1.00;1;0
205;10.56;17.55; 1.00;1;0
205;45.82;17.58; 1.00;1;0
205;42.92;17.60; 1.00;1;0
205;13.06;17.59; 1.01;1;0
206;36.26;17.60; 1.01;1;0
206;33.95;17.62; 1.01;1;0
206;31.92;17.64; 1.01;1;0
207;30.86;17.67; 1.02;1;0
207;40.16;17.69; 1.02;1;0
207;18.08;17.69; 1.02;1;0
207;35.40;17.71; 1.02;1;0
208;32.19;17.73; 1.02;1;0
208;27.06;17.74; 1.03;1;0
208;15.43;17.73; 1.03;1;0
209;20.08;17.74; 1.03;1;0
210; 4.53;17.63; 1.03;1;0
211;12.75;17.62; 1.04;1;0
212;11.40;17.60; 1.04;1;0
212;26.96;17.61; 212;22.16;17.62; 1.04;1;0
214; 5.55;17.54; 1.04;1;0
214;18.67;17.55; 1.05;1;0
214;36.26;17.56; 1.05;1;0
215;15.21;17.56; 1.05;1;0
215;33.49;17.58; 1.05;1;0
215;15.09;17.57; 1.05;1;0
216;32.33;17.59; 1.06;1;0
216;14.09;17.58; 1.06;1;0
216;30.74;17.59; 1.06;1;0
217;34.10;17.61; 1.06;1;0
217;14.53;17.60; 1.06;1;0
217;38.90;17.62; 1.07;1;0
218;32.47;17.64; 1.07;1;0
218;23.64;17.64; 1.07;1;0
219; 7.41;17.60; 1.07;1;0
220;10.29;17.57; 1.07;1;0
220;12.66;17.56; 1.08;1;0
221;20.63;17.56; 1.08;1;0
222; 4.30;17.46; 1.08;1;0
222;58.35;17.48; 1.08;1;0
223;10.37;17.46; 1.09;1;0
224;10.73;17.44; 1.09;1;0
225; 7.11;17.39; 1.09;1;0
227; 3.93;17.28; 227;27.87;17.29; 1.09;1;0
229; 3.33;17.16; 1.10;1;0
230;28.73;17.17; 1.10;1;0
230;18.17;17.17; 1.10;1;0
231; 8.55;17.14; 1.10;1;0
231;35.07;17.16; 1.10;1;0
231;38.70;17.17; 1.11;1;0
231;42.44;17.19; 1.12;1;0
233;38.30;17.22; 1.12;1;0
233;31.65;17.24; 1.12;1;0
234;13.27;17.23; 1.12;1;0
234;33.64;17.24; 234;34.58;17.26; 1.13;1;0
235;21.04;17.26; 1.13;1;0
235;24.17;17.27; 1.13;1;0
235;31.51;17.29; 1.13;1;0
236;10.48;17.27; 1.13;1;0
237;11.21;17.25; 1.14;1;0
237;19.76;17.25; 1.14;1;0
237;26.49;17.27; 1.14;1;0
238;25.58;17.28; 1.14;1;0
238;28.84;17.29; 1.15;1;0
238;17.33;17.29; 1.15;1;0
239;21.90;17.29; 1.15;1;0
239;30.61;17.32; 1.15;1;0
240;25.67;17.33; 1.16;1;0
240;16.49;17.33; 1.16;1;0
240;32.90;17.35; 1.16;1;0
240;29.88;17.36; 1.16;1;0
241;26.87;17.37; 1.16;1;0
241;30.61;17.38; 1.17;1;0
241;29.64;17.40; 1.17;1;0
241;35.57;17.41; 1.17;1;0
242;14.45;17.41; 1.17;1;0
242;34.10;17.42; 1.17;1;0
242;33.05;17.44; 1.18;1;0
243; 9.69;;17.43; 1.18;1;0
244;34.58;17.45; 1.18;1;0
244;27.66;17.46; 1.19;1;0
244;37.16;17.48; 1.19;1;0
245;31.38;17.49; 1.19;1;0
245;14.53;17.48; 1.19;1;0
245;31.92;17.50; 1.20;1;0
246;37.53;17.51; 1.20;1;0
246;38.90;17.53; 1.20;1;0
246;48.19;17.55; 1.20;1;0
246;28.95;17.56; 1.20;1;0
247;18.08;17.56; 1.21;1;0
247;38.50;17.58; 1.21;1;0
248; 7.91;17.54; 1.21;1;0
248;17.29;17.54; 1.21;1;0
249; 8.72;17.51; 1.21;1;0
249;32.76;17.53; 1.22;1;0
250;27.77;17.54; 1.22;1;0
250;32.76;17.55; 1.22;1;0
250;34.74;17.56; 1.22;1;0
250;36.79;17.58; 1.22;1;0
251;12.14;17.57; 1.23;1;0
251;33.05;17.58; 1.23;1;0
251;33.20;17.59; 1.23;1;0
251;32.33;17.61; 1.23;1;0
252;35.07;17.62; 1.23;1;0
252;36.97;17.64; 1.24;1;0
252;32.76;17.65; 1.24;1;0
252;33.49;17.67; 1.24;1;0
253;31.12;17.68; 1.24;1;0
253;16.82;17.68; 1.24;1;0
253;27.06;17.69; 1.25;1;0
254;27.06;17.70; 1.25;1;0
254;35.57;17.71; 1.25;1;0
254;28.18;17.72; 1.25;1;0
254;28.29;17.73; 1.26;1;0
255;29.41;17.75; 1.26;1;0
255;29.52;17.76; 1.26;1;0
255;30.49;17.77; 1.26;1;0
255;34.10;17.78; 1.26;1;0
255;36.97;17.80; 1.27;1;0
256;32.90;17.81; 1.27;1;0
256;34.58;17.83; 1.27;1;0
256;32.47;17.84; 1.27;1;0
256;30.61;17.85; 1.27;1;0
257;31.38;17.86; 1.28;1;0
257;33.80;17.88; 1.28;1;0
257;37.16;17.89; 1.28;1;0
257;30.86;17.91; 1.28;1;0
258;30.74;17.92; 1.28;1;0
258;33.64;17.95; 1.29;1;0
258;33.49;17.96; 1.29;1;0
258;32.76;17.97; 1.29;1;0
259;34.10;17.99; 259;34.26;18.00; 1.30;1;0
259;28.84;18.01; 1.30;1;0
259;39.10;18.03; 1.30;1;0
260;33.05;18.04; 1.30;1;0
260;36.43;18.05; 1.30;1;0
260;36.26;18.07; 1.31;1;0
260;36.61;18.08; 1.31;1;0
260;29.64;18.09; 1.31;1;0
1.32;1;0
262;30.12;18.14; 1.32;1;0
262;32.62;18.16; 1.32;1;0
262;26.96;18.17; 1.33;1;0
262;36.08;18.18; 1.33;1;0
263;32.19;18.19; 1.33;1;0
263;13.99;18.18; 1.33;1;0
263;28.29;18.19; 1.33;1;0
265; 6.56;18.14; 1.34;1;0
266;13.29;18.17; 1.35;1;0
266;31.12;18.18; 1.35;1;0
267;26.96;18.19; 1.35;1;0
267;27.16;18.20; 1.35;1;0
267;29.64;18.21; 1.35;1;0
268;33.80;18.22; 1.36;1;0
268;35.91;18.24; 1.36;1;0
269; 8.18;18.20; 1.36;1;0
269;35.74;18.23; 1.37;1;0
270;11.11;18.22; 1.37;1;0
270;34.26;18.23; 1.37;1;0
270;16.97;18.23; 1.37;1;0
271;35.40;18.24; 1.37;1;0
271;33.20;18.25; 1.38;1;0
271;34.74;18.26; 1.38;1;0
272;15.56;18.26; 1.38;1;0
272;20.46;18.26; 1.38;1;0
272;32.90;18.28; 1.38;1;0
272;26.77;18.28; 1.39;1;0
273;26.87;18.29; 1.39;1;0
273;31.25;18.30; 1.39;1;0
273;31.51;18.32; 1.39;1;0
273;35.91;18.33; 1.39;1;0
274;31.51;18.34; 1.40;1;0
274;35.91;18.35; 1.40;1;0
274;15.89;18.35; 1.40;1;0
274;31.12;18.36; 1.40;1;0
275;15.09;18.35; 1.40;1;0
275;31.51;18.37; 1.41;1;0
276;22.70;18.37; 1.41;1;0
276;41.49;18.39; 1.41;1;0
276;37.91;18.40; 1.41;1;0
276;32.06;18.41; 1.41;1;0
276;33.05;18.42; 1.42;1;0
277;34.58;18.44; 1.42;1;0
277;17.17;18.43; 1.42;1;0
277;34.42;18.45; 1.42;1;0
277;37.53;18.46; 1.43;1;0
278;18.08;18.46; 1.43;1;0
278;30.36;18.47; 1.43;1;0
278;31.51;18.48; 279;29.18;18.49; 1.43;1;0
279;28.29;18.50; 1.44;1;0
279;32.62;18.51; 1.44;1;0
279;30.12;18.52; 1.44;1;0
280;27.66;18.53; 1.44;1;0
280;14.76;18.52; 1.44;1;0
281;11.73;18.51; 1.45;1;0
281;31.65;18.52; 1.45;1;0
282; 8.01;18.49; 1.45;1;0
282;29.52;18.50; 1.45;1;0
284; 4.34;18.41; 1.45;1;0
284;32.76;18.42; 1.46;1;0
284;36.26;18.43; 1.46;1;0
285;31.51;18.44; 1.46;1;0
285;18.22;18.44; 1.46;1;0
285;36.08;18.46; 1.46;1;0
285;35.91;18.47; 1.47;1;0
286;34.10;18.48; 1.47;1;0
286;33.95;18.49; 1.47;1;0
286;39.31;18.51; 1.47;1;0
286;27.16;18.52; 1.48;1;0
287;20.19;18.52; 1.48;1;0
287; 9.62;18.49; 1.48;1;0
288;24.25;18.50; 1.48;1;0
288;30.24;18.51; 1.48;1;0
288;26.49;18.52; 1.49;1;0
288;40.59;18.53; 1.49;1;0
289;33.20;18.54; 1.49;1;0
289;37.34;18.56; 1.49;1;0
289;41.04;18.57; 1.49;1;0
289;29.88;18.58; 1.50;1;0
290;37.34;18.59; 1.50;1;0
290;10.23;18.57; 1.50;1;0
290;35.74;18.58; 1.50;1;0
291;30.99;18.59; 1.50;1;0
291;34.90;18.61; 1.51;1;0
291;32.06;18.62; 1.51;1;0
291;32.76;18.63; 1.51;1;0
292;30.61;18.64; 1.51;1;0
292; 9.62;18.61; 1.51;1;0
293;31.51;18.63; 1.52;1;0
293;33.95;18.64; 1.52;1;0
293;33.20;18.65; 1.52;1;0
293;32.62;18.66; 1.52;1;0
294;33.34;18.67; 1.52;1;0
294;27.26;18.68; 1.53;1;0
294;17.05;18.68; 1.53;1;0
294;33.80;18.69; 1.53;1;0
295;31.51;18.70; 1.53;1;0
295;40.16;18.71; 1.54;1;0
295;23.20;18.72; 1.54;1;0
295;32.33;18.73; 1.54;1;0
296;12.94;18.71; 296;17.21;18.71; 1.54;1;0
297; 8.17;18.68; 1.55;1;0
298;34.74;18.69; 1.55;1;0
298;39.52;18.71; 1.55;1;0
298;26.77;18.71; 1.55;1;0
298;30.36;18.72; 1.55;1;0
299; 6.86;18.68; 1.56;1;0
300;33.64;18.69; 1.56;1;0
1.57;1;0
301;34.90;18.72; 1.57;1;0
301;33.34;18.74; 1.57;1;0
302;33.05;18.75; 1.57;1;0
302;33.34;18.76; 1.57;1;0
302;35.74;18.78; 1.58;1;0
303;17.01;18.78; 1.58;1;0
303;30.74;18.79; 1.58;1;0
303;26.49;18.79; 1.59;1;0
303;30.61;18.80; 1.59;1;0
304;34.10;18.81; 1.59;1;0
304;36.79;18.83; 1.59;1;0
304;15.96;18.82; 305;29.76;18.83; 1.60;1;0
305;33.20;18.84; 1.60;1;0
305;15.53;18.84; 1.60;1;0
306;25.49;18.84; 1.60;1;0
308;29.64;18.83; 1.61;1;0
308;17.45;18.83; 1.62;1;0
310; 5.37;18.77; 1.62;1;0
310;34.90;18.78; 1.62;1;0
310;32.76;18.79; 1.62;1;0
311;10.03;18.77; 1.62;1;0
313; 4.78;18.70; 1.63;2;0
313;18.08;18.70; 1.63;2;0
313;29.06;18.71; 1.63;2;0
313;30.61;18.72; 1.63;2;0
314;31.65;18.73; 1.63;2;0
314;21.65;18.73; 1.64;2;0
315;17.53;18.73; 1.64;2;0
315;11.99;18.72; 1.64;2;0
315;33.20;18.73; 1.64;2;0
316;31.38;18.74; 1.65;2;0
316;35.40;18.76; 1.65;2;0
316;38.30;18.77; 1.65;2;0
316;30.12;18.78; 1.65;2;0
317;37.34;18.79; 1.66;2;0
317;29.18;18.80; 1.66;2;0
317;35.23;18.81; 1.66;2;0
317;32.90;18.82; 1.66;2;0
318;31.65;18.83; 1.66;2;0
318;34.10;18.84; 1.67;2;0
318;32.90;18.85; 1.67;2;0
318;27.77;18.86; 1.67;2;0
318;39.73;18.87; 1.67;2;0
319;35.40;18.88; 1.67;2;0
319;34.74;18.89; 1.68;2;0
320; 8.22;18.86; 1.68;2;0
320;17.62;18.86; 1.68;2;0
320;30.99;18.87; 1.68;2;0
321;35.74;18.88; 1.68;2;0
321;30.49;18.89; 1.69;2;0
321;34.42;18.90; 1.69;2;0
322;16.17;18.90; 1.69;2;0
322; 9.01;18.87; 1.69;2;0
323;33.80;18.88; 1.70;2;0
323;29.29;18.89; 1.70;2;0
323;32.76;18.90; 1.70;2;0
323;39.94;18.91; 1.70;2;0
324;33.34;18.92; 1.70;2;0
325; 5.16;18.86; 1.71;2;0
327; 3.37;18.76; 328;16.06;18.75; 1.71;2;0
328;36.97;18.76; 1.71;2;0
328;31.38;18.77; 1.71;2;329;16.31;18.79; 1.72;2;0
329;45.54;18.81; 1.72;2;0
330; 8.96;18.78; 1.72;2;0
330;37.91;18.79; 1.73;2;0
;0
332;31.92;18.83; 1.74;2;0
332;24.90;18.83; 1.74;2;0
333;10.27;18.82; 1.74;2;0
333;10.36;18.80; 1.74;2;0
334; 6.22;18.75; 1.74;2;0
335;10.39;18.73; 1.75;2;0
335;49.79;18.75; 1.75;2;0
336;28.51;18.76; 1.75;2;0
1.76;2;0
77;2;0
339;38.70;18.83; 1.77;2;0
339;34.74;18.84; 1.78;2;0
339;36.43;18.85; 1.78;2;0
339;32.19;18.86; 1.78;2;0
339;31.92;18.87; 1.78;2;0
340;25.40;18.88; 342;27.36;18.88; 1.79;2;0
342;31.12;18.89; 1.80;2;0
342;34.42;18.90; 1.80;2;0
343; 6.39;18.86; 1.80;2;0
344;14.64;18.85; 1.80;2;0
344;32.90;18.86; 1.80;2;0
344;28.62;18.87; 1.81;2;0
345;14.50;18.86; 1.81;2;0
345;28.40;18.87; 1.81;2;0
345;33.20;18.88; 1.81;2;0
345;58.35;18.89; 1.82;2;0
345;84.87;18.91; 1.82;2;0
346;16.94;18.91; 1.82;2;0
346;32.06;18.92; 1.82;2;0
346;34.90;18.93; 1.82;2;0
347;33.20;18.94; 1.83;2;0
347;32.06;18.95; 1.83;2;0
347;31.92;18.95; 1.83;2;0
347;29.76;18.96; 1.83;2;0
348;31.65;18.97; 1.83;2;0
348;35.57;18.98; 1.84;2;0
348;27.77;18.99; 1.84;2;0
348;30.61;19.00; 1.84;2;0
349;21.34;19.00; 1.84;2;0
349;32.90;19.01; 1.84;2;0
353;31.92;19.10; 1.87;2;0
354; 6.17;19.06; 1.88;2;0
354;33.80;19.06; 1.88;2;0
354;25.32;19.07; 1.89;2;0
356;30.61;19.09; 1.89;2;0
356;33.49;19.10; 1.89;2;0
356;28.95;19.11; 1.89;2;0
357;31.78;19.12; 357;16.03;19.11; 1.90;2;0
357;32.33;19.12; 1.90;2;0
358;30.74;19.13; 1.90;2;0
358;30.74;19.14; 1.92;2;0
361;13.56;19.15; 1.93;2;0
362;32.76;19.16; 1.93;2;0
362;36.43;19.17; 1.93;2;0
362;34.10;19.18; 1.99;2;0
2.26;2;0
413;27.16;19.80; 2.27;2;0
413;26.87;19.81; 2.28;2;0
414;10.76;19.79; 2.28;2;0
414;20.63;19.79; 418; 4.64;19.73; 2.29;2;0
421; 2.29;19.60; 2.29;2;0
422;10.36;19.58; 2.30;2;0
422;15.59;19.58; 424;34.42;19.62; 2.31;2;0
424;28.18;19.62; 2.31;2;0
424;31.78;19.63; 2.32;2;0
424;35.40;19.64; 425;23.56;19.64; 2.32;2;0
425;27.56;19.65; 2.32;2;0
425;30.86;19.65; 2.32;2;0
426;18.08;19.65; 2.33;2;0
426;11.95;19.64; 2.33;2;0
426;26.77;19.64; 2.33;2;0
427;26.02;19.65; 2.33;2;0
427;15.15;19.64; 9;26.67;19.65; 2.34;2;0
2.35;2;0
430;35.91;19.66; 2.35;2;0
433;26.12;19.70; 2.37;2;0
433;35.40;19.71; 2.37;2;0
433;15.03;19.71; 2.38;2;0
434;28.51;19.71; 2.39;2;0
2.51;2;0
2.59;2;0
487;46.97;19.31; 2.61;2;0
487;22.50;19.31; 2.62;2;0
487;31.51;19.32; 2.62;2;0
488;34.74;19.33; 2.62;2;0
2.66;2;0
511;17.91;19.36; 2.75;2;0
512;12.51;19.36; 2.75;2;0
512; 8.40;19.34; 2.76;2;0
513;34.26;19.34; 513;31.25;19.36; 2.76;2;0
513;42.44;19.36; 2.76;2;0
514;28.95;19.37; 2.77;2;0
514;35.57;19.37; 2.77;2;0
514;30.74;19.38; 2.77;2;0
514;35.23;19.39; 2.77;2;0
514;33.64;19.39; 2.77;2;0
515;32.62.78;2;0
518;30.99;19.49; 2.81;2;0
518;29.52;19.49; 2.81;2;0
518;29.41;19.50; 2.81;2;0
518;37.34;19.50; 2.81;2;0
519;27.06;19.54; 2.82;2;0
520;14.73;19.53; 2.82;2;0
520;28.18;19.54; 2.83;2;0
521; 8.01;19.51; 524;27.16;19.54; 2.85;2;0
524;27.36;19.55; 2.85;2;0
524;31.25;19.55; 2.85;2;0
525;27.66;19.56; 525;24.25;19.56; 2.85;2;0
525;16.24;19.56; 2.86;2;0
526;10.52;19.55; 2.86;2;0
526;23.27;19.55; 527; 7.20;19.52; 2.86;2;0
528; 9.75;19.51; 2.87;2;0
529;20.19;19.51; 2.87;2;0
529;22.84;19.51; 529;21.84;19.52; 2.87;2;0
530;22.50;19.52; 2.88;2;0
530;27.16;19.52; 2.88;2;0
531;11.74;19.52; 531;27.06;19.52; 2.88;2;0
531;22.63;19.52; 2.88;2;0
532;29.18;19.53; 2.89;2;0
532;23.41;19.53; 532;15.79;19.52; 2.89;2;0
533;17.41;19.52; 2.89;2;0
533;21.46;19.52; 2.89;2;0
533;30.74;19.53; 2.90;2;0
2.90;2;0
535;31.38;19.55; 2.91;2;0
537; 3.81;19.50; 2.91;2;0
537;29.76;19.50; 2.91;2;0
538; 6.46;19.47; 538;28.95;19.48; 2.91;2;0
539;23.86;19.48; 2.92;2;0
540; 5.54;19.45; 2.92;2;0
540;32.90;19.45; 2.92;2;0
540;33.49;19.46; 2.92;2;0
541;30.74;19.46; 2.93;2;0
541;29.76;19.47; 2.93;2;0
542;10.01;19.45; 2.93;2;0
542;10.94;19.44; 2.93;2;0
543;24.65;19.45; 2.93;2;0
543;24.73;19.45; 2.94;2;0
543;14.94;19.45; 2.94;2;0
2.95;2;0
2.99;2;0
3.02;2;0
3.04;2;0
3.06;2;0
587; 6.11;19.28; 3.15;2;0
588; 6.95;19.26; 3.15;2;0
588;22.10;19.26; 3.15;2;0
589;27.26;19.27; 613;41.04;19.10; 3.26;3;0
613;35.91;19.11; 3.26;3;0
613;39.31;19.12; 3.26;3;0
614;36.26;19.12; 617; 9.49;19.17; 3.29;3;0
617;33.20;19.17; 3.29;3;0
618;37.91;19.18; 3.29;3;0
618;35.74;19.18; 621;36.43;19.25; 3.32;3;0
621;36.79;19.26; 3.33;3;0
621;45.27;19.27; 3.33;3;0
622;30.99;19.27; 3.34;3;0
623;16.67;19.30; 3.34;3;0
623;44.46;19.30; 3.34;3;0
623;31.51;19.31; 3.35;3;0
624;44.19;19.31; 3.35;3;0
625; 9.42;19.32; 3.36;3;0
626;40.37;19.32; 3.36;3;0
626;37.16;19.33; 3.36;3;0
626;34.74;19.33; 37;3;0
627;41.96;19.35; 3.37;3;0
627;36.08;19.36; 3.37;3;0
3.38;3;0
628;40.37;19.38; 3.38;3;0
628;41.49;19.39; 3.39;3;0
628;29.29;19.39; 3.39;3;0
629;47.57;19.40; 3.39;3;0
629;27.16;19.41; 629;42.68;19.41; 3.39;3;0
630; 8.54;19.40; 3.40;3;0
630;33.34;19.40; 3.40;3;0
630;30.00;19.41; 3.40;3;0
631;40.16;19.41; 3.40;3;0
631;30.24;19.42; 3.40;3;0
631;28.29;19.42; 3.41;3;0
631;24.73;19.42; 3.41;3;0
632;29.88;19.43; 3.41;3;0
632;27.87;19.43; 3.41;3;0
632;31.25;19.43; 3.41;3;0
632;18.08;19.43; 3.42;3;0
633;25.32;19.44; 3.42;3;0
633;61.73;19.44; 3.42;3;0
633;23.41;19.45; 3.42;3;0
633;31.12;19.45; 635;24.65;19.47; 3.44;3;0
635;44.99;19.48; 3.44;3;0
635;23.34;19.48; 3.44;3;0636;18.77;19.49; 3.44;3;0
636;17.95;19.49; 3.45;3;0
637;19.86;19.49; 3.45;3;0
637;10.73;19.48; 3.46;3;0
40;26.67;19.48; 3.46;3;0
640;30.49;19.48; 3.46;3;0
640;41.96;19.49; 3.47;3;0
640;29.29;19.49; 3.47;3;0
641;21.65;19.49; 3.47;3;0
641;34.10;19.50; 3.47;3;0
641;24.49;19.50; 645;13.75;19.46; 3.49;3;0
645;13.08;19.46; 3.49;3;0
646;13.48;19.45; 3.49;3;0
646;13.43;19.44; 3.52;3;0
654;12.16;19.37; 3.52;3;0
654;13.73;19.37; 3.52;3;0
655;12.53;19.36; 3.52;3;0
656;13.08;19.35; 656;11.73;19.35; 3.53;3;0
657;14.42;19.34; 3.53;3;0
657;13.13;19.34; 3.53;3;0
658;13.46;19.33; 3.54;3;0
658;13.46;19.33; 3.54;3;0
659;13.36;19.32; 3.54;3;0
659;14.17;19.32; 3.54;3;0
660;11.89;19.31; 3.54;3;0
661;13.36;19.31; 3.55;3;0
661;14.91;19.30; 3.55;3;0
662;14.31;19.30; 3.55;3;0
662;12.94;19.29; 3.55;3;0
663;13.31;19.29; 3.55;3;0
663;13.51;19.28; 3.56;3;0
664;14.82;19.28; 3.56;3;0
664;13.36;19.28; 3.56;3;0
665;12.47;19.27; 3.56;3;0
665;18.04;19.27; 3.56;3;0
666;15.03;19.27; 3.57;3;0
666;16.86;19.26; 3.57;3;0
667;15.37;19.26; 3.57;3;0
667;13.96;19.26; 3.57;3;0
668;13.22;19.25; 3.57;3;0
669;13.39;19.25; 3.58;3;0
669;13.91;19.24; 3.58;3;0
670;15.12;19.24; 3.58;3;0
670;12.68;19.23; 3.58;3;0
671;14.97;19.23; 3.59;3;0
672; 7.82;19.21; 3.59;3;0
672;28.73;19.22; 3.59;3;0
672;23.71;19.22; 3.59;3;0
672;24.90;19.22; 3.59;3;0
673;14.09;19.22; 3.60;3;0
674;14.45;19.22; 3.60;3;0
674;28.95;19.22; 3.60;3;0
674;28.95;19.22; 3.60;3;0
674;22.77;19.22; 3.60;3;0
675;34.90;19.23; 3.61;3;0
675;24.73;19.23; 3.61;3;0
675;36.97;19.24; 3.61;3;0
676;14.45;19.23; 3.61;3;0
676;13.46;19.23; 3.61;3;0
677;15.12;19.23; 3.62;3;0
677;12.90;19.22; 3.62;3;0
678;13.41;19.22; 3.62;3;0
678;14.31;19.21; 3.62;3;0
679;13.39;19.21; 3.62;3;0
679;14680;14.17;19.20; 3.63;3;0
680;14.56;19.20; 3.63;3;0
681;14.15;19.19; 3.63;3;0
681;13.63;19.19; 3.63;3;0
682;15.86;19.19; 3.64;3;0
683;13.17;19.18; 3.64;3;0
683;23.94;19.18; 3.64;3;0
683;22.70;19.18; 3.64;3;0
683;27.46;19.19; 3.65;3;0
684;22.10;19.19; 3.65;3;0
684;31.92;19.19; 3.65;3;0
684;23.20;19.20; 3.65;3;0
685;21.46;19.20; 3.65;3;0
685;20.86;19.20; 3.66;3;0
685;29.18;19.20; 3.66;3;0
686;20.08;19.20; 3.66;3;0
686;13.63;19.20; 3.66;3;0
687;20.24;19.20; 3.66;3;0
688; 6.20;19.17; 3.67;3;0
688;17.41;19.17; 3.67;3;0
689;14.64;19.17; 3.67;3;0
689;18.49;19.17; 3.67;3;0
690; 6.80;19.15; 3.67;3;0
691;14.07;19.15; 691;12.72;19.14; 3.68;3;0
692;13.29;19.14; 3.68;3;0
692;13.65;19.13; 3.68;3;0
693;14.09;19.13; 3.68;3;0
695; 4.49;19.09; 3.69;3;0
695;14.31;19.09; 3.69;3;0
696;10.50;19.08; 3.69;3;0
696;23.64;19.08; 3.69;3;0
697;12.03;19.08; 3.70;3;0
697;13.29;19.07; 3.70;3;0
698;20.30;19.07; 3.70;3;0
698;31.51;19.08; 3.70;3;0
698;15.21;19.07; 3.70;3;0
699;13.27;19.07; 3.71;3;0
700;14.36;19.07; 3.71;3;0
700;23.27;19.07; 3.71;3;0
700;13.36;19.06; 3.71;3;0
701;13.46;19.06; 3.71;3;0
701;25.32;19.06; 3.72;3;0
702;25.49;19.06; 3.72;3;0
702;13.31;19.06; 3.72;3;0
703;14.85;19.06; 3.72;3;0
703;12.32;19.05; 3.72;3;0
704;27.06;19.05; 3.73;3;0
704;41.96;19.06; 3.73;3;0
704;23.12;19.06; 3.73;3;0
704;34.90;19.07; 3.73;3;0
704;29.76;19.07; 3.73;3;0
705;36.61;19.08; 3.74;3;0
705;15.89;19.07; 3.74;3;0
706;14.91;19.07; 3.74;3;0
706;14.34;19.07; 3.74;3;0
707;15.43;19.06; 3.74;3;0
707;12.94;19.06; 3.75;3;0
708;14.62;19.06; 3.75;3;0
708;15.56;19.05; 3.75;3;0
709;13.43;19.05; 3.75;3;0
709;12.49;19.04; 3.76;3;0
710;14.73;19.04; 3.76;3;0
711;11.56;19.03; 3.76;3;0
711;14.97;19.03; 3.76;3;0
712;12.83;19.03; 3.76;3;0
712;12.88;19.02; 3.77;3;0
713;21.34;19.02; 3.77;3;0
713;20.52;19.02; 3.77;3;0
713;21.52;19.02; 3.77;3;0
714;22.84;19.03; 3.77;3;0
714;23.56;19.03; 3.78;3;0
714;22.63;19.03; 3.78;3;0
715;20.24;19.03; 3.78;3;0
715;19.97;19.03; 3.78;3;0
715;19.15;19.03; 3.78;3;0
716;24.49;19.03; 3.79;3;0
716;22.50;19.03; 3.79;3;0
717;12.62;19.03; 3.79;3;0
717;10.03;19.02; 3.79;3;0
718;25.06;19.02; 3.79;3;0
719; 5.94;19.00; 3.80;3;0
719;24.73;19.00; 3.80;3;0
720;21.40;19.00; 3.80;3;0
720;22.10;19.00; 3.80;3;0
720;20.02;19.00; 3.81;3;0
721;23.05;19.01; 3.81;3;0
721;19.76;19.01; 3.81;3;0
721;19.55;19.01; 3.81;3;0
722;22.03;19.01; 3.81;3;0
722;18.00;19.01; 3.82;3;0
723;16.24;19.01; 3.82;3;0
723;20.69;19.01; 3.82;3;0
723;26.12;19.01; 3.82;3;0
724;21.04;19.01; 3.82;3;0
724;49.46;19.02; 3.83;3;0
724;23.12;19.02; 3.83;3;0
724;70.46;19.03; 3.83;3;0
724;41.96;19.03; 3.83;3;0
725;32.76;19.04; 3.83;3;0
725;34.42;19.04; 3.84;3;0
725;33.80;19.05; 3.84;3;0
725;34.26;19.05; 3.84;3;0
725;30.49;19.05; 3.84;3;0
726;41.73;19.06; 3.84;3;0
726;25.75;19.06; 3.85;3;0
727;11.33;19.06; 3.85;3;0
727;32.47;19.06; 3.85;3;0
727;11.63;19.05; 3.85;3;0
728; 9.56;19.04; 3.85;3;0
728;39.31;19.05; 3.86;3;0
729;33.95;19.05; 3.86;3;0
729;34.26;19.06; 3.86;3;0
729;42.44;19.06; 3.86;3;0
729;22.43;19.06; 3.87;3;0
730;18.53;19.06; 3.87;3;0
730;37.16;19.07; 3.87;3;0
730;15.09;19.07; 3.87;3;0
731;20.86;19.07; 3.87;3;0
731;16.06;19.07; 3.88;3;0
732;30.12;19.07; 3.88;3;0
732;33.95;19.07; 3.88;3;0
732;29.41;19.08; 3.88;3;0
732;32.90;19.08; 3.88;3;0
733; 8.44;19.07; 3.89;3;0
733;27.77;19.07; 3.89;3;0
734;13.81;19.07; 3.89;3;0
735;12.81;19.06; 3.89;3;0
735;14.45;19.06; 3.89;3;0
736;14.79;19.06; 3.90;3;0
736;12.05;19.05; 3.90;3;0
737;15.89;19.05; 3.90;3;0
737;14.39;19.05; 3.90;3;0
738;14.70;19.04; 3.90;3;0
738;14.04;19.04; 3.91;3;0
739;16.94;19.04; 3.91;3;0
739;15.31;19.04; 3.91;3;0
740;15.63;19.03; 3.91;3;0
740;12.62;19.03; 3.91;3;0
741;14.20;19.02; 3.92;3;0
741;34.26;19.03; 3.92;3;0
741;25.93;19.03; 3.92;3;0
742;15.03;19.03; 3.92;3;0
742;14.50;19.03; 3.93;3;0
743;13.58;19.02; 3.93;3;0
743;16.17;19.02; 3.93;3;0
744;14.01;19.02; 3.93;3;0
744;17.45;19.02; 3.93;3;0
745;12.70;19.01; 3.94;3;0
745;15.46;19.01; 3.94;3;0
746;14.67;19.01; 3.94;3;0
746;16.78;19.00; 3.94;3;0
747;14.09;19.00; 3.94;3;0
747;34.42;19.01; 3.95;3;0
747;29.29;19.01; 3.95;3;0
747;33.34;19.01; 3.95;3;0
748;35.74;19.02; 3.95;3;0
748;16.97;19.02; 3.95;3;0
748;20.80;19.02; 3.96;3;0
749;15.96;19.02; 3.96;3;0
749;26.77;19.02; 3.96;3;0
749;36.61;19.02; 3.96;3;0
750;32.19;19.03; 3.96;3;0
750;27.87;19.03; 3.97;3;0
751; 5.32;19.00; 3.97;3;0
751;42.68;19.01; 3.97;3;0
752; 9.45;19.00; 3.97;3;0
753;14.76;19.00; 3.98;3;0
753;19.15;19.00; 3.98;3;0
754;16.75;19.00; 3.98;3;0
754;16.63;18.99; 3.98;3;0
755;13.75;18.99; 3.98;3;0
755;16.52;18.99; 3.99;3;0
756;17.09;18.99; 3.99;3;0
756; 8.14;18.98; 3.99;3;0
757;14.36;18.97; 3.99;3;0
758;13.13;18.97; 3.99;3;0
758;15.89;18.97; 4.00;3;0
758;16.20;18.96; 4.00;3;0
760; 5.29;18.94; 4.00;3;0
760;16.42;18.94; 4.00;3;0
761;17.37;18.94; 4.00;3;0
761;16.10;18.93; 4.01;3;0
762;17.01;18.93; 4.01;3;0
762;20.92;18.93; 4.01;3;0
762;16.38;18.93; 4.01;3;0
763;14.50;18.93; 4.01;3;0
763;19.20;18.93; 4.02;3;0
764;16.78;18.93; 4.02;3;0
764;16.38;18.93; 4.02;3;0
765;15.66;18.93; 4.02;3;0
765;17.57;18.92; 4.02;3;0
766;15.96;18.92; 4.03;3;0
766;19.50;18.92; 4.03;3;0
767; 7.96;18.91; 4.03;3;0
767;15.69;18.91; 4.03;3;0
768;15.72;18.91; 4.04;3;0
768;15.27;18.90; 4.04;3;0
770; 5.19;18.88; 4.04;3;0
770;33.95;18.88; 4.04;3;0
770;31.92;18.89; 4.04;3;0
770;46.39;18.89; 4.05;3;0
771;35.74;18.90; 4.05;3;0
771;31.38;18.90; 4.05;3;0
771;14.79;18.90; 4.05;3;0
772;30.36;18.90; 4.05;3;0
772;31.78;18.90; 4.06;3;0
772;19.30;18.91; 4.06;3;0
774; 4.41;18.87; 4.06;3;0
775; 7.23;18.86; 4.06;3;0
775;38.11;18.86; 4.06;3;0
775;26.77;18.87; 4.07;3;0
776;27.77;18.87; 4.07;3;0
776;34.58;18.87; 4.07;3;0
776;14.25;18.87; 4.07;3;0
777;31.92;18.87; 4.07;3;0
777;26.58;18.88; 4.08;3;0
777;25.15;18.88; 4.08;3;0
777;36.08;18.88; 4.08;3;0
778;33.49;18.89; 4.08;3;0
778;25.84;18.89; 4.09;3;0
778;30.12;18.89; 4.09;3;0
779;27.46;18.90; 4.09;3;0
779;29.64;18.90; 4.09;3;0
779;31.92;18.90; 4.09;3;0
779;33.20;18.91; 4.10;3;0
780;28.84;18.91; 4.10;3;0
780;32.47;18.92; 4.10;3;0
780;29.88;18.92; 4.10;3;0
780;29.29;18.92; 4.10;3;0
780;29.76;18.93; 4.11;3;0
781;32.06;18.93; 4.11;3;0
781;14.20;18.93; 4.11;3;0
782;25.06;18.93; 4.11;3;0
782;36.97;18.93; 4.11;3;0
782;29.64;18.94; 4.12;3;0
782;29.52;18.94; 4.12;3;0
783;28.29;18.94; 4.12;3;0
783;27.46;18.95; 4.12;3;0
783;25.40;18.95; 4.12;3;0
783;25.06;18.95; 4.13;3;0
784;30.24;18.96; 4.13;3;0
784;16.03;18.95; 4.13;3;0
784;21.65;18.95; 4.13;3;0
785;25.84;18.96; 4.13;3;0
785;28.51;18.96; 4.14;3;0
785;24.98;18.96; 4.14;3;0
786;10.43;18.95; 4.14;3;0
786;50.47;18.96; 4.14;3;0
786;24.98;18.96; 4.15;3;0
787;27.46;18.97; 4.15;3;0
787;29.52;18.97; 4.15;3;0
787;15.96;18.97; 4.15;3;0
788;23.86;18.97; 4.15;3;0
788;14.97;18.97; 4.16;3;0
789;15.15;18.96; 4.16;3;0
789;16.67;18.96; 4.16;3;0
790;13.36;18.96; 4.16;3;0
790;24.33;18.96; 4.16;3;0
790;35.40;18.97; 4.17;3;0
790;43.68;18.97; 4.17;3;0
791;14.28;18.97; 4.17;3;0
791;21.22;18.97; 4.17;3;0
791;41.73;18.97; 4.17;3;0
792;10.45;18.97; 4.18;3;0
793;16.20;18.96; 4.18;3;0
793;22.36;18.97; 4.18;3;0
793;36.61;18.97; 4.18;3;0
793;34.90;18.98; 4.18;3;0
794;23.49;18.98; 4.19;3;0
794;19.71;18.98; 4.19;3;0
794;34.26;18.98; 4.19;3;0
795;14.56;18.98; 4.20;3;0
796;14.59;18.98; 4.20;3;0
796;31.25;18.98; 4.20;3;0
796;16.49;18.98; 4.20;3;0
797;19.60;18.98; 4.20;3;0
797;15.66;18.98; 4.21;3;0
798;15.06;18.98; 4.21;3;0
798;31.12;18.98; 4.21;3;0
798;24.81;18.98; 4.21;3;0
798;34.26;18.99; 4.21;3;0
799; 9.42;18.98; 4.22;3;0
799;28.51;18.98; 4.22;3;0
800;35.57;18.99; 4.22;3;0
800;21.78;18.99; 4.22;3;0
800;33.34;18.99; 4.22;3;0
800;31.78;19.00; 4.23;3;0
801;16.42;18.99; 4.23;3;0
801;17.09;18.99; 4.23;3;0
802;28.29;19.00; 4.23;3;0
802;27.46;19.00; 4.23;3;0
802;27.06;19.00; 4.24;3;0
802;39.10;19.01; 4.24;3;0
803;15.53;19.00; 4.24;3;0
803;24.02;19.01; 4.24;3;0
803;34.26;19.01; 4.24;3;0
804;14.01;19.01; 4.25;3;0
804;24.57;19.01; 4.25;3;0
805;15.63;19.01; 4.25;3;0
805;32.47;19.01; 4.26;3;0
805;28.51;19.02; 4.26;3;0
806;31.25;19.02; 4.26;3;0
806;29.52;19.02; 4.26;3;0
806;16.63;19.02; 4.26;3;0
807;28.40;19.03; 4.27;3;0
807;37.16;19.03; 4.27;3;0
807;14.64;19.03; 4.27;3;0
808;14.73;19.02; 4.27;3;0
808;14.53;19.02; 4.27;3;0
809;15.50;19.02; 4.28;3;0
809;13.51;19.02; 4.28;3;0
810;16.38;19.01; 4.28;3;0
810;14.47;19.01; 4.28;3;0
811;14.97;19.01; 4.28;3;0
811;14.42;19.01; 4.29;3;0
0;15.99;47.98; 0.01;1;0
0;28.84;41.15; 0.01;1;0
0;58.35;43.73; 0.01;1;0
1;31.38;41.04; 0.01;1;0
1;37.91;40.56; 0.01;1;0
1;41.73;40.70; 0.02;1;0
1;36.26;40.16; 0.02;1;0
1;27.87;38.46; 0.02;1;0
2;18.44;35.01; 0.02;1;0
2;29.41;34.46; 0.02;1;0
2;33.80;34.41; 0.03;1;0
3;16.03;31.80; 0.03;1;0
3;38.30;32.17; 0.03;1;0
3;35.40;32.35; 0.03;1;0
3;38.50;32.66; 0.04;1;0
4;31.51;32.59; 0.04;1;0
4;26.02;32.60; 0.04;1;0
4;62.24;33.36; 0.04;1;0
4;27.26;33.02; 0.05;1;0
5;38.90;33.24; 0.05;1;0
5;32.90;33.23; 0.05;1;0
5;31.12;33.14; 0.05;1;0
5;34.90;33.20; 0.05;1;0
6;27.77;32.96; 0.06;1;0
6;33.80;32.99; 0.06;1;0
6;37.72;33.13; 0.06;1;0
6;29.18;32.99; 0.06;1;0
6;46.68;33.30; 0.06;1;0
7;31.65;33.25; 0.07;1;0
7;34.26;33.28; 0.07;1;0
7;38.30;33.40; 0.07;1;0
7;29.41;33.28; 0.07;1;0
8; 7.22;30.25; 0.07;1;0
9;26.96;30.15; 0.08;1;0
9;35.91;30.27; 0.08;1;0
9;46.39;30.55; 0.08;1;0
9;34.42;30.63; 0.08;1;0
9;37.16;30.76; 0.09;1;0
10;39.52;30.93; 0.09;1;0
10;32.33;30.96; 0.09;1;0
10;41.73;31.14; 0.09;1;0
11; 8.59;29.43; 0.09;1;0
11;16.63;28.94; 0.10;1;0
12; 8.44;27.52; 0.10;1;0
12;82.08;27.91; 0.10;1;0
13;17.57;27.58; 0.10;1;0
13;26.21;27.55; 0.10;1;0
13;53.35;27.81; 0.11;1;0
14;18.22;27.53; 0.11;1;0
14;27.56;27.53; 0.11;1;0
14;17.49;27.24; 0.11;1;0
14;40.81;27.41; 0.11;1;0
15;39.73;27.56; 0.12;1;0
15;18.67;27.33; 0.12;1;0
17; 4.26;25.00; 0.12;1;0
17;53.35;25.22; 0.12;1;0
17;21.97;25.16; 0.12;1;0
17;47.57;25.36; 0.13;1;0
18;27.06;25.38; 0.13;1;0
18;60.23;25.62; 0.13;1;0
18;28.08;25.65; 0.13;1;0
19;20.13;25.54; 0.13;1;0
19; 8.94;24.85; 0.14;1;0
20;46.68;25.02; 0.14;1;0
21; 4.99;23.62; 0.14;1;0
21;15.72;23.45; 0.14;1;0
22;18.77;23.37; 0.15;1;0
22;16.31;23.23; 0.15;1;0
23;12.86;22.97; 0.15;1;0
23;38.90;23.10; 0.15;1;0
23;46.39;23.35; 0.16;1;0
24;28.40;23.41; 0.16;1;0
24;33.20;23.50; 0.16;1;0
24;39.73;23.62; 0.16;1;0
25;39.73;23.82; 0.17;1;0
26; 6.93;23.13; 0.17;1;0
26;21.04;23.10; 0.17;1;0
26;16.49;22.99; 0.17;1;0
27;19.00;22.93; 0.17;1;0
27;25.93;22.96; 0.18;1;0
28; 8.23;22.49; 0.18;1;0
28;29.29;22.55; 0.18;1;0
29;38.30;22.66; 0.18;1;0
29;19.92;22.62; 0.18;1;0
29;35.07;22.71; 0.19;1;0
30; 9.80;22.39; 0.19;1;0
30;32.62;22.47; 0.19;1;0
30;28.18;22.52; 0.19;1;0
30;66.10;22.67; 0.20;1;0
31;11.30;22.44; 0.20;1;0
31;27.46;22.48; 0.20;1;0
32;52.60;22.61; 0.20;1;0
32;19.76;22.58; 0.20;1;0
32;25.23;22.60; 0.21;1;0
32;49.46;22.73; 0.21;1;0
33;34.90;22.81; 0.21;1;0
33;47.27;22.92; 0.21;1;0
33;32.76;22.99; 0.21;1;0
33;32.62;23.06; 0.22;1;0
33;36.79;23.14; 0.22;1;0
34;19.81;23.10; 0.22;1;0
34;46.68;23.21; 0.22;1;0
34;31.12;23.27; 0.22;1;0
34;46.39;23.37; 0.23;1;0
35;41.26;23.46; 0.23;1;0
35;28.08;23.50; 0.23;1;0
35;41.49;23.59; 0.23;1;0
35;15.21;23.48; 0.23;1;0
36;47.88;23.58; 0.24;1;0
36;34.10;23.65; 0.24;1;0
36;40.59;23.73; 0.24;1;0
36;20.24;23.70; 0.24;1;0
37;13.34;23.54; 0.24;1;0
37;27.66;23.57; 0.25;1;0
38; 9.11;23.26; 0.25;1;0
38;20.98;23.24; 0.25;1;0
39;17.57;23.18; 0.25;1;0
39;17.62;23.12; 0.26;1;0
40;17.87;23.07; 0.26;1;0
40;17.74;23.01; 0.26;1;0
40;17.95;22.96; 0.26;1;0
41;18.04;22.91; 0.26;1;0
41;18.58;22.87; 0.27;1;0
42;31.65;22.92; 0.27;1;0
42;38.11;22.99; 0.27;1;0
42;34.26;23.05; 0.27;1;0
42;44.46;23.13; 0.27;1;0
42;20.19;23.11; 0.28;1;0
43;19.76;23.08; 0.28;1;0
43;16.78;23.01; 0.28;1;0
44;17.25;22.96; 0.28;1;0
44;28.62;22.99; 0.28;1;0
44;30.61;23.03; 0.29;1;0
45;19.66;23.00; 0.29;1;0
45;18.53;22.96; 0.29;1;0
45;20.19;22.94; 0.29;1;0
46;18.04;22.90; 0.29;1;0
46;27.97;22.93; 0.30;1;0
47;13.81;22.82; 0.30;1;0
47; 9.04;22.58; 0.30;1;0
48;32.90;22.63; 0.30;1;0
48;45.54;22.71; 0.30;1;0
48;20.92;22.70; 0.31;1;0
49;18.63;22.66; 0.31;1;0
49;19.25;22.64; 0.31;1;0
49;26.30;22.66; 0.31;1;0
49;48.50;22.74; 0.32;1;0
50;18.53;22.70; 0.32;1;0
50;17.78;22.66; 0.32;1;0
51;18.44;22.63; 0.32;1;0
51;29.64;22.66; 0.32;1;0
52; 9.65;22.47; 0.33;1;0
52;17.13;22.43; 0.33;1;0
54; 4.62;21.90; 0.33;1;0
54;12.39;21.79; 0.33;1;0
55;31.38;21.83; 0.33;1;0
55;20.13;21.82; 0.34;1;0
55;18.49;21.80; 0.34;1;0
56;32.19;21.84; 0.34;1;0
56;32.90;21.89; 0.34;1;0
56;54.12;21.96; 0.34;1;0
56;31.92;22.01; 0.35;1;0
56;31.12;22.04; 0.35;1;0
57;34.10;22.09; 0.35;1;0
57;39.10;22.15; 0.35;1;0
57;19.71;22.13; 0.35;1;0
58; 7.17;21.87; 0.36;1;0
59;16.10;21.82; 0.36;1;0
59;15.56;21.77; 0.36;1;0
59;30.36;21.81; 0.36;1;0
60;50.81;21.88; 0.37;1;0
60;19.20;21.86; 0.37;1;0
60;26.87;21.88; 0.37;1;0
61;15.18;21.83; 0.37;1;0
61;21.65;21.83; 0.37;1;0
61;19.60;21.81; 0.38;1;0
62;26.96;21.84; 0.38;1;0
62;34.90;21.88; 0.38;1;0
62;21.40;21.88; 0.38;1;0
63;19.15;21.86; 0.38;1;0
63;32.90;21.90; 0.39;1;0
63;53.35;21.97; 0.39;1;0
63;19.00;21.95; 0.39;1;0
64;16.45;21.91; 0.39;1;0
64;19.71;21.90; 0.39;1;0
65;32.76;21.94; 0.40;1;0
65;18.96;21.92; 0.40;1;0
65;19.25;21.90; 0.40;1;0
66;29.06;21.93; 0.40;1;0
66;57.90;22.00; 0.40;1;0
66;36.79;22.05; 0.41;1;0
66;34.74;22.09; 0.41;1;0
66;39.10;22.14; 0.41;1;0
67;33.64;22.18; 0.41;1;0
67;49.14;22.24; 0.41;1;0
