0; 5.95;  INF; 0.00;1;0;0
0;12.78;37.99; 0.00;1;0;0
0;19.06;29.54; 0.01;1;0;0
0;18.54;25.21; 0.01;1;0;0
1;20.60;24.11; 0.01;1;0;0
1;21.69;23.43; 0.01;1;0;0
1;21.86;22.96; 0.01;1;0;0
1;23.81;22.24; 0.01;1;0;0
2;22.79;22.02; 0.01;1;0;0
2;21.95;22.02; 0.02;1;0;0
2;23.70;24.04; 0.02;1;0;0
2;23.19;23.42; 0.02;1;0;0
3;24.80;23.17; 0.02;1;0;0
3;25.88;22.96; 0.02;1;0;0
3;24.92;22.76; 0.02;1;0;0
3;27.47;22.76; 0.03;1;0;0
3;28.96;23.78; 0.03;1;0;0
4;28.19;23.57; 0.03;1;0;0
4;29.60;23.57; 0.03;1;0;0
4;28.49;24.62; 0.03;1;0;0
4;27.05;24.21; 0.03;1;0;0
4;23.81;24.21; 0.03;1;0;0
5;17.68;23.84; 0.04;1;0;0
5;11.90;23.67; 0.04;1;0;0
12; 0.79;10.92; 0.04;1;0;0
13; 3.41;10.07; 0.04;1;0;0
14; 6.94; 9.90; 0.04;1;0;0
17; 1.92; 8.58; 0.04;1;0;0
20; 1.60; 7.52; 0.04;1;0;0
22; 2.53; 7.07; 0.05;1;0;0
24; 3.49; 6.83; 0.05;1;0;0
26; 3.21; 6.56; 0.05;1;0;0
29; 1.42; 5.93; 0.05;1;0;0
69; 0.13; 2.62; 0.05;1;0;0
70; 6.57; 2.66; 0.05;1;0;0
71; 5.24; 2.70; 0.06;1;0;0
74; 2.31; 2.76; 0.06;1;0;0
78; 1.17; 2.66; 0.06;1;0;0
78;17.45; 2.72; 0.06;1;0;0
79;20.14; 2.78; 0.06;1;0;0
79;19.55; 2.83; 0.06;1;0;0
79;22.89; 2.89; 0.07;1;0;0
79;23.49; 2.95; 0.07;1;0;0
80;24.69; 3.01; 0.07;1;0;0
80;26.65; 3.01; 0.07;1;0;0
80;25.39; 3.13; 0.07;1;0;0
80;24.13; 3.18; 0.07;1;0;0
81;22.14; 3.24; 0.07;1;0;0
81;19.62; 3.30; 0.08;1;0;0
81;21.01; 3.41; 0.08;1;0;0
82;16.74; 3.46; 0.08;1;0;0
98; 0.34; 2.95; 0.08;1;0;0
103; 1.04; 2.85; 0.08;1;0;0
103; 6.85; 2.89; 0.08;1;0;0
104;11.40; 2.93; 0.09;1;0;0
104;11.65; 2.96; 0.09;1;0;0
105; 8.04; 3.00; 0.09;1;0;0
106; 4.12; 3.01; 0.09;1;0;0
107; 9.46; 3.05; 0.09;1;0;0
107;17.45; 3.08; 0.09;1;0;0
108;19.06; 3.13; 0.10;1;0;0
108;18.93; 3.17; 0.10;1;0;0
108;22.89; 3.21; 0.10;1;0;0
108;22.99; 3.21; 0.10;1;0;0
109;22.60; 3.30; 0.10;1;0;0
109;22.79; 3.34; 0.10;1;0;0
109;20.45; 3.38; 0.10;1;0;0
109;19.69; 3.42; 0.11;1;0;0
110;20.60; 3.46; 0.11;1;0;0
110;17.56; 3.50; 0.11;1;0;0
110;16.58; 3.54; 0.11;1;0;0
111;15.71; 3.57; 0.11;1;0;0
111;12.88; 3.61; 0.11;1;0;0
111; 9.96; 3.64; 0.11;1;0;0
114; 2.48; 3.62; 0.12;1;0;0
114;12.20; 3.65; 0.12;1;0;0
114;21.26; 3.69; 0.12;1;0;0
115;22.99; 3.73; 0.12;1;0;0
115;21.26; 3.77; 0.12;1;0;0
115;19.27; 3.80; 0.12;1;0;0
115;14.80; 3.84; 0.12;1;0;0
116;13.67; 3.87; 0.13;1;0;0
116;10.32; 3.90; 0.13;1;0;0
117; 5.93; 3.92; 0.13;1;0;0
118; 6.89; 3.94; 0.13;1;0;0
119; 6.63; 3.95; 0.13;1;0;0
120; 5.26; 3.96; 0.13;1;0;0
120; 8.71; 3.99; 0.14;1;0;0
121; 9.90; 4.02; 0.14;1;0;0
122; 8.04; 4.04; 0.14;1;0;0
122; 8.08; 4.06; 0.14;1;0;0
123; 6.82; 4.08; 0.14;1;0;0
124; 6.85; 4.10; 0.14;1;0;0
124;10.78; 4.12; 0.14;1;0;0
125;12.49; 4.15; 0.15;1;0;0
125;12.82; 4.18; 0.15;1;0;0
126;14.60; 4.21; 0.15;1;0;0
126;13.23; 4.24; 0.15;1;0;0
126;18.04; 4.27; 0.15;1;0;0
127;20.84; 4.30; 0.15;1;0;0
127;19.00; 4.34; 0.15;1;0;0
127;18.60; 4.37; 0.16;1;0;0
127;17.06; 4.40; 0.16;1;0;0
128;15.94; 4.43; 0.16;1;0;0
128;18.66; 4.46; 0.16;1;0;0
128;18.10; 4.49; 0.16;1;0;0
129;16.38; 4.52; 0.16;1;0;0
129;14.52; 4.56; 0.17;1;0;0
130;12.12; 4.58; 0.17;1;0;0
130;12.49; 4.60; 0.17;1;0;0
130;10.73; 4.62; 0.17;1;0;0
131; 5.67; 4.64; 0.17;1;0;0
132; 7.50; 4.65; 0.17;1;0;0
133; 6.90; 4.66; 0.17;1;0;0
134; 7.15; 4.67; 0.18;1;0;0
134;12.06; 4.70; 0.18;1;0;0
135;11.35; 4.72; 0.18;1;0;0
135;10.09; 4.74; 0.18;1;0;0
136;12.72; 4.77; 0.18;1;0;0
136;13.26; 4.80; 0.18;1;0;0
136;12.94; 4.82; 0.18;1;0;0
137;14.80; 4.85; 0.19;1;0;0
137;12.88; 4.87; 0.19;1;0;0
137;14.76; 4.90; 0.19;1;0;0
138;17.80; 4.93; 0.19;1;0;0
138;17.45; 4.95; 0.19;1;0;0
138;21.51; 4.98; 0.19;1;0;0
139;20.37; 5.01; 0.19;1;0;0
139;19.06; 5.04; 0.20;1;0;0
139;21.26; 5.07; 0.20;1;0;0
139;19.77; 5.10; 0.20;1;0;0
140;19.06; 5.13; 0.20;1;0;0
140;20.06; 5.15; 0.20;1;0;0
140;18.04; 5.18; 0.20;1;0;0
141;17.86; 5.21; 0.21;1;0;0
141;20.68; 5.24; 0.21;1;0;0
141;20.14; 5.27; 0.21;1;0;0
141;21.95; 5.29; 0.21;1;0;0
142;20.21; 5.32; 0.21;1;0;0
142;17.68; 5.35; 0.21;1;0;0
142;16.69; 5.38; 0.21;1;0;0
143;14.28; 5.39; 0.22;1;0;0
143;14.52; 5.42; 0.22;1;0;0
143;18.16; 5.45; 0.22;1;0;0
144;16.69; 5.47; 0.22;1;0;0
144;15.00; 5.49; 0.22;1;0;0
144;12.66; 5.52; 0.22;1;0;0
145; 9.22; 5.53; 0.22;1;0;0
145;13.16; 5.55; 0.23;1;0;0
146;15.57; 5.58; 0.23;1;0;0
146;14.28; 5.59; 0.23;1;0;0
146;17.11; 5.62; 0.23;1;0;0
147;17.98; 5.65; 0.23;1;0;0
147;16.90; 5.67; 0.23;1;0;0
147;18.47; 5.70; 0.24;1;0;0
148;16.79; 5.72; 0.24;1;0;0
148;15.94; 5.74; 0.24;1;0;0
148;19.06; 5.76; 0.24;1;0;0
149;17.62; 5.79; 0.24;1;0;0
149;17.22; 5.82; 0.24;1;0;0
149;16.58; 5.84; 0.24;1;0;0
150;13.70; 5.87; 0.25;1;0;0
150;14.13; 5.88; 0.25;1;0;0
150;15.71; 5.91; 0.25;1;0;0
151;13.91; 5.92; 0.25;1;0;0
151;15.09; 5.94; 0.25;1;0;0
151;12.72; 5.96; 0.25;1;0;0
152;11.85; 5.98; 0.25;1;0;0
152;14.68; 6.00; 0.26;1;0;0
153;12.75; 6.02; 0.26;1;0;0
153;14.72; 6.05; 0.26;1;0;0
153;16.09; 6.06; 0.26;1;0;0
154;13.46; 6.08; 0.26;1;0;0
154;13.74; 6.10; 0.26;1;0;0
155;14.10; 6.12; 0.26;1;0;0
155;12.72; 6.14; 0.27;1;0;0
155;17.80; 6.16; 0.27;1;0;0
156;17.39; 6.18; 0.27;1;0;0
156;15.90; 6.21; 0.27;1;0;0
156;17.92; 6.23; 0.27;1;0;0
156;17.51; 6.25; 0.27;1;0;0
157;16.53; 6.27; 0.28;1;0;0
157;17.92; 6.29; 0.28;1;0;0
157;16.53; 6.31; 0.28;1;0;0
158;17.62; 6.34; 0.28;1;0;0
158;20.29; 6.36; 0.28;1;0;0
158;18.22; 6.38; 0.28;1;0;0
159;19.62; 6.40; 0.28;1;0;0
159;19.77; 6.43; 0.29;1;0;0
159;19.41; 6.45; 0.29;1;0;0
159;22.79; 6.47; 0.29;1;0;0
160;23.60; 6.49; 0.29;1;0;0
160;22.79; 6.52; 0.29;1;0;0
160;19.62; 6.56; 0.29;1;0;0
161;20.37; 6.58; 0.30;1;0;0
161;21.26; 6.58; 0.30;1;0;0
161;19.62; 6.63; 0.30;1;0;0
161;21.01; 6.63; 0.30;1;0;0
162;19.91; 6.68; 0.30;1;0;0
162;19.41; 6.71; 0.30;1;0;0
162;19.91; 6.73; 0.31;1;0;0
163;16.90; 6.74; 0.31;1;0;0
163;16.85; 6.76; 0.31;1;0;0
163;18.04; 6.78; 0.31;1;0;0
163;16.53; 6.80; 0.31;1;0;0
164;16.04; 6.82; 0.31;1;0;0
164;16.48; 6.84; 0.31;1;0;0
164;14.25; 6.86; 0.32;1;0;0
165;15.66; 6.88; 0.32;1;0;0
165;16.28; 6.89; 0.32;1;0;0
166;11.93; 6.91; 0.32;1;0;0
167; 4.62; 6.89; 0.32;1;0;0
168; 5.23; 6.89; 0.32;1;0;0
169; 6.68; 6.89; 0.32;1;0;0
170; 2.94; 6.84; 0.33;1;0;0
173; 2.47; 6.78; 0.33;1;0;0
175; 2.70; 6.74; 0.33;1;0;0
176; 3.47; 6.71; 0.33;1;0;0
244; 0.08; 4.87; 0.33;1;0;0
244;11.45; 4.88; 0.33;1;0;0
245;14.10; 4.90; 0.33;1;0;0
245;18.28; 4.92; 0.34;1;0;0
245;25.03; 4.93; 0.34;1;0;0
245;25.15; 4.95; 0.34;1;0;0
245;25.88; 4.96; 0.34;1;0;0
246;26.00; 4.96; 0.34;1;0;0
246;25.03; 5.00; 0.34;1;0;0
246;24.57; 5.02; 0.35;1;0;0
246;22.41; 5.04; 0.35;1;0;0
247;20.60; 5.05; 0.35;1;0;0
247;22.32; 5.09; 0.35;1;0;0
247;21.43; 5.10; 0.35;1;0;0
248;20.52; 5.12; 0.35;1;0;0
248;17.56; 5.13; 0.36;1;0;0
248;17.22; 5.15; 0.36;1;0;0
249;18.66; 5.16; 0.36;1;0;0
249;17.51; 5.18; 0.36;1;0;0
249;17.06; 5.20; 0.36;1;0;0
249;16.04; 5.21; 0.36;1;0;0
250;12.49; 5.22; 0.36;1;0;0
252; 2.72; 5.20; 0.37;1;0;0
252; 9.50; 5.22; 0.37;1;0;0
253;15.53; 5.22; 0.37;1;0;0
253;21.09; 5.24; 0.37;1;0;0
253;19.55; 5.26; 0.37;1;0;0
254;19.84; 5.27; 0.37;1;0;0
254;22.23; 5.31; 0.38;1;0;0
254;25.88; 5.32; 0.38;1;0;0
254;26.52; 5.34; 0.38;1;0;0
255;24.57; 5.35; 0.38;1;0;0
255;24.92; 5.39; 0.38;1;0;0
255;24.02; 5.41; 0.39;1;0;0
256;25.15; 5.42; 0.39;1;0;0
256;24.13; 5.44; 0.39;1;0;0
256;23.49; 5.45; 0.39;1;0;0
256;26.13; 5.45; 0.39;1;0;0
256;24.46; 5.49; 0.39;1;0;0
257;25.03; 5.50; 0.39;1;0;0
257;24.13; 5.52; 0.40;1;0;0
257;21.34; 5.53; 0.40;1;0;0
257;20.45; 5.55; 0.40;1;0;0
258;19.20; 5.56; 0.40;1;0;0
258;17.80; 5.58; 0.40;1;0;0
258;15.17; 5.59; 0.40;1;0;0
259; 7.83; 5.60; 0.40;1;0;0
260; 5.64; 5.60; 0.41;1;0;0
262; 2.57; 5.57; 0.41;1;0;0
321; 0.09; 4.57; 0.41;1;0;0
322; 7.37; 4.57; 0.41;1;0;0
322; 7.83; 4.58; 0.41;1;0;0
323;15.71; 4.59; 0.41;1;0;0
323;16.43; 4.61; 0.42;1;0;0
323;18.60; 4.62; 0.42;1;0;0
323;21.95; 4.63; 0.42;1;0;0
324;19.41; 4.64; 0.42;1;0;0
324;14.92; 4.66; 0.42;1;0;0
325;12.88; 4.67; 0.42;1;0;0
325;13.70; 4.68; 0.42;1;0;0
325;17.68; 4.69; 0.43;1;0;0
325;19.00; 4.70; 0.43;1;0;0
326;16.04; 4.71; 0.43;1;0;0
326;14.06; 4.72; 0.43;1;0;0
327;14.17; 4.74; 0.43;1;0;0
327;16.64; 4.75; 0.43;1;0;0
327;19.84; 4.76; 0.43;1;0;0
327;18.28; 4.77; 0.44;1;0;0
328;15.62; 4.78; 0.44;1;0;0
328;15.22; 4.79; 0.44;1;0;0
329;14.84; 4.80; 0.44;1;0;0
329;12.26; 4.82; 0.44;1;0;0
330; 9.17; 4.82; 0.44;1;0;0
330; 5.61; 4.82; 0.44;1;0;0
369; 0.14; 4.33; 0.45;1;0;0
370;11.59; 4.34; 0.45;1;0;0
370;12.49; 4.35; 0.45;1;0;0
371; 9.85; 4.36; 0.45;1;0;0
371; 8.07; 4.37; 0.45;1;0;0
372; 8.91; 4.37; 0.45;1;0;0
373;12.88; 4.38; 0.46;1;0;0
373;14.72; 4.39; 0.46;1;0;0
373;13.26; 4.40; 0.46;1;0;0
374;13.46; 4.41; 0.46;1;0;0
374;11.98; 4.42; 0.46;1;0;0
374;14.10; 4.43; 0.46;1;0;0
375;16.33; 4.44; 0.46;1;0;0
375;13.60; 4.45; 0.47;1;0;0
376;11.67; 4.46; 0.47;1;0;0
376;10.95; 4.47; 0.47;1;0;0
377; 9.85; 4.47; 0.47;1;0;0
377;14.40; 4.49; 0.47;1;0;0
377;17.28; 4.50; 0.47;1;0;0
378;15.48; 4.50; 0.47;1;0;0
378;17.98; 4.52; 0.48;1;0;0
378;20.92; 4.53; 0.48;1;0;0
379;19.99; 4.54; 0.48;1;0;0
379;23.60; 4.55; 0.48;1;0;0
379;24.02; 4.55; 0.48;1;0;0
379;22.32; 4.57; 0.48;1;0;0
379;23.91; 4.58; 0.49;1;0;0
380;23.29; 4.59; 0.49;1;0;0
380;23.29; 4.61; 0.49;1;0;0
380;25.88; 4.62; 0.49;1;0;0
380;24.24; 4.62; 0.49;1;0;0
381;25.39; 4.64; 0.49;1;0;0
381;27.05; 4.65; 0.49;1;0;0
381;25.75; 4.66; 0.50;1;0;0
381;26.00; 4.66; 0.50;1;0;0
381;24.69; 4.69; 0.50;1;0;0
382;23.19; 4.70; 0.50;1;0;0
382;25.03; 4.71; 0.50;1;0;0
382;25.15; 4.72; 0.50;1;0;0
382;25.63; 4.72; 0.50;1;0;0
382;24.69; 4.74; 0.51;1;0;0
383;21.86; 4.75; 0.51;1;0;0
383;23.29; 4.76; 0.51;1;0;0
383;25.63; 4.78; 0.51;1;0;0
383;24.69; 4.78; 0.51;1;0;0
384;23.19; 4.80; 0.51;1;0;0
384;20.06; 4.81; 0.51;1;0;0
384;18.35; 4.82; 0.52;1;0;0
384;19.34; 4.83; 0.52;1;0;0
385;17.51; 4.84; 0.52;1;0;0
385;16.48; 4.85; 0.52;1;0;0
385;16.33; 4.86; 0.52;1;0;0
386;14.48; 4.87; 0.52;1;0;0
386;16.90; 4.88; 0.53;1;0;0
386;22.79; 4.89; 0.53;1;0;0
387;21.78; 4.90; 0.53;1;0;0
387;22.14; 4.91; 0.53;1;0;0
387;22.51; 4.92; 0.53;1;0;0
387;22.99; 4.93; 0.53;1;0;0
388;24.13; 4.94; 0.53;1;0;0
388;22.23; 4.95; 0.54;1;0;0
388;21.95; 4.98; 0.54;1;0;0
389;20.37; 4.99; 0.54;1;0;0
389;22.79; 5.00; 0.54;1;0;0
389;27.90; 5.01; 0.54;1;0;0
389;26.78; 5.02; 0.54;1;0;0
389;26.92; 5.02; 0.55;1;0;0
390;28.65; 5.04; 0.55;1;0;0
390;27.47; 5.05; 0.55;1;0;0
390;29.27; 5.05; 0.55;1;0;0
390;29.60; 5.08; 0.55;1;0;0
390;28.96; 5.09; 0.55;1;0;0
390;30.09; 5.09; 0.56;1;0;0
391;29.43; 5.11; 0.56;1;0;0
391;27.90; 5.12; 0.56;1;0;0
391;29.60; 5.12; 0.56;1;0;0
391;27.33; 5.14; 0.56;1;0;0
391;27.05; 5.15; 0.56;1;0;0
392;23.19; 5.18; 0.57;1;0;0
392;22.60; 5.19; 0.57;1;0;0
392;22.60; 5.20; 0.57;1;0;0
393;22.23; 5.21; 0.57;1;0;0
393;24.46; 5.22; 0.57;1;0;0
393;22.23; 5.23; 0.57;1;0;0
393;20.21; 5.24; 0.57;1;0;0
394;22.70; 5.25; 0.58;1;0;0
394;23.39; 5.25; 0.58;1;0;0
394;24.69; 5.27; 0.58;1;0;0
394;24.92; 5.28; 0.58;1;0;0
394;22.99; 5.29; 0.58;1;0;0
395;21.95; 5.30; 0.58;1;0;0
395;21.60; 5.31; 0.58;1;0;0
395;20.52; 5.32; 0.59;1;0;0
395;21.86; 5.32; 0.59;1;0;0
396;20.52; 5.34; 0.59;1;0;0
396;18.66; 5.35; 0.59;1;0;0
396;19.91; 5.36; 0.59;1;0;0
397;19.13; 5.37; 0.59;1;0;0
397;18.86; 5.38; 0.60;1;0;0
397;18.41; 5.39; 0.60;1;0;0
397;14.76; 5.40; 0.60;1;0;0
398;13.95; 5.41; 0.60;1;0;0
398;14.92; 5.42; 0.60;1;0;0
399;13.19; 5.43; 0.60;1;0;0
399;17.56; 5.44; 0.60;1;0;0
399;20.14; 5.44; 0.61;1;0;0
399;18.93; 5.45; 0.61;1;0;0
400;21.43; 5.46; 0.61;1;0;0
400;20.06; 5.47; 0.61;1;0;0
403; 1.56; 5.44; 0.61;1;0;0
404;19.77; 5.45; 0.61;1;0;0
404;22.99; 5.46; 0.61;1;0;0
404;23.29; 5.47; 0.62;1;0;0
404;25.63; 5.48; 0.62;1;0;0
405;26.00; 5.49; 0.62;1;0;0
405;26.52; 5.49; 0.62;1;0;0
405;26.00; 5.51; 0.62;1;0;0
405;23.19; 5.52; 0.62;1;0;0
405;21.78; 5.53; 0.62;1;0;0
406;22.70; 5.54; 0.63;1;0;0
406;21.26; 5.55; 0.63;1;0;0
406;22.32; 5.56; 0.63;1;0;0
406;20.60; 5.57; 0.63;1;0;0
407;18.35; 5.58; 0.63;1;0;0
407;20.84; 5.59; 0.63;1;0;0
407;21.01; 5.59; 0.64;1;0;0
407;20.06; 5.61; 0.64;1;0;0
408;21.78; 5.61; 0.64;1;0;0
408;19.77; 5.63; 0.64;1;0;0
408;20.52; 5.64; 0.64;1;0;0
409;21.86; 5.65; 0.64;1;0;0
409;19.91; 5.66; 0.64;1;0;0
409;20.68; 5.67; 0.65;1;0;0
409;19.34; 5.68; 0.65;1;0;0
410;16.95; 5.68; 0.65;1;0;0
410;18.35; 5.69; 0.65;1;0;0
411;17.74; 5.71; 0.65;1;0;0
411;20.21; 5.72; 0.65;1;0;0
411;18.22; 5.73; 0.66;1;0;0
411;16.69; 5.74; 0.66;1;0;0
412;17.39; 5.75; 0.66;1;0;0
412;15.48; 5.76; 0.66;1;0;0
412;17.68; 5.76; 0.66;1;0;0
413;17.01; 5.77; 0.66;1;0;0
413;14.92; 5.78; 0.67;1;0;0
413;16.58; 5.79; 0.67;1;0;0
414;17.68; 5.80; 0.67;1;0;0
414;16.58; 5.80; 0.67;1;0;0
414;19.41; 5.81; 0.67;1;0;0
415;18.54; 5.82; 0.67;1;0;0
415;17.01; 5.83; 0.67;1;0;0
415;18.10; 5.84; 0.68;1;0;0
415;17.06; 5.85; 0.68;1;0;0
416;16.69; 5.86; 0.68;1;0;0
416;15.66; 5.86; 0.68;1;0;0
417;13.70; 5.87; 0.68;1;0;0
417;17.39; 5.88; 0.68;1;0;0
417;19.48; 5.89; 0.68;1;0;0
417;18.28; 5.90; 0.69;1;0;0
418;21.60; 5.91; 0.69;1;0;0
418;21.95; 5.92; 0.69;1;0;0
418;20.84; 5.93; 0.69;1;0;0
418;22.41; 5.94; 0.69;1;0;0
419;21.34; 5.94; 0.69;1;0;0
419;21.51; 5.95; 0.69;1;0;0
419;21.01; 5.96; 0.70;1;0;0
419;18.54; 5.97; 0.70;1;0;0
420;18.93; 5.98; 0.70;1;0;0
420;19.06; 5.99; 0.70;1;0;0
420;17.74; 6.00; 0.70;1;0;0
421;20.52; 6.01; 0.70;1;0;0
421;20.92; 6.02; 0.71;1;0;0
421;20.84; 6.02; 0.71;1;0;0
421;23.29; 6.03; 0.71;1;0;0
422;22.99; 6.03; 0.71;1;0;0
422;23.91; 6.05; 0.71;1;0;0
422;26.13; 6.06; 0.71;1;0;0
422;25.03; 6.07; 0.71;1;0;0
422;26.13; 6.08; 0.72;1;0;0
423;27.33; 6.08; 0.72;1;0;0
423;25.75; 6.10; 0.72;1;0;0
423;28.05; 6.11; 0.72;1;0;0
423;29.43; 6.11; 0.72;1;0;0
423;29.93; 6.13; 0.72;1;0;0
424;28.19; 6.15; 0.73;1;0;0
424;27.19; 6.16; 0.73;1;0;0
424;27.61; 6.17; 0.73;1;0;0
424;25.88; 6.18; 0.73;1;0;0
425;25.51; 6.18; 0.73;1;0;0
425;25.03; 6.20; 0.73;1;0;0
425;22.60; 6.21; 0.74;1;0;0
425;24.35; 6.22; 0.74;1;0;0
425;24.02; 6.22; 0.74;1;0;0
426;23.09; 6.24; 0.74;1;0;0
426;25.03; 6.25; 0.74;1;0;0
426;24.57; 6.26; 0.74;1;0;0
426;24.80; 6.26; 0.74;1;0;0
426;27.33; 6.26; 0.75;1;0;0
427;25.88; 6.28; 0.75;1;0;0
427;25.88; 6.29; 0.75;1;0;0
427;26.26; 6.30; 0.75;1;0;0
427;24.13; 6.30; 0.75;1;0;0
428;26.39; 6.32; 0.75;1;0;0
428;26.13; 6.33; 0.75;1;0;0
428;25.75; 6.34; 0.76;1;0;0
428;29.11; 6.34; 0.76;1;0;0
428;29.27; 6.36; 0.76;1;0;0
428;28.05; 6.37; 0.76;1;0;0
429;27.47; 6.37; 0.76;1;0;0
429;25.27; 6.39; 0.76;1;0;0
429;24.69; 6.40; 0.76;1;0;0
429;26.13; 6.41; 0.77;1;0;0
430;25.39; 6.42; 0.77;1;0;0
430;26.39; 6.42; 0.77;1;0;0
430;26.26; 6.44; 0.77;1;0;0
430;23.39; 6.44; 0.77;1;0;0
430;22.04; 6.45; 0.77;1;0;0
431;19.84; 6.46; 0.78;1;0;0
431;17.86; 6.47; 0.78;1;0;0
431;19.48; 6.48; 0.78;1;0;0
432;17.39; 6.49; 0.78;1;0;0
432;16.48; 6.49; 0.78;1;0;0
432;19.62; 6.50; 0.78;1;0;0
432;18.73; 6.51; 0.78;1;0;0
433;19.55; 6.52; 0.79;1;0;0
433;22.32; 6.53; 0.79;1;0;0
433;21.78; 6.54; 0.79;1;0;0
433;22.79; 6.54; 0.79;1;0;0
434;22.99; 6.55; 0.79;1;0;0
434;21.60; 6.56; 0.79;1;0;0
434;21.69; 6.58; 0.80;1;0;0
435;21.01; 6.59; 0.80;1;0;0
435;22.79; 6.60; 0.80;1;0;0
435;22.60; 6.61; 0.80;1;0;0
435;21.26; 6.61; 0.80;1;0;0
436;20.60; 6.62; 0.80;1;0;0
436;18.41; 6.63; 0.80;1;0;0
436;20.29; 6.64; 0.81;1;0;0
436;22.89; 6.65; 0.81;1;0;0
437;21.78; 6.65; 0.81;1;0;0
437;23.09; 6.66; 0.81;1;0;0
437;24.02; 6.67; 0.81;1;0;0
437;23.29; 6.67; 0.81;1;0;0
438;25.88; 6.69; 0.82;1;0;0
438;25.27; 6.70; 0.82;1;0;0
438;23.70; 6.71; 0.82;1;0;0
438;24.24; 6.72; 0.82;1;0;0
438;22.60; 6.72; 0.82;1;0;0
439;22.89; 6.74; 0.82;1;0;0
439;24.92; 6.74; 0.82;1;0;0
439;23.39; 6.75; 0.83;1;0;0
439;24.02; 6.76; 0.83;1;0;0
440;23.09; 6.77; 0.83;1;0;0
440;21.43; 6.78; 0.83;1;0;0
440;23.29; 6.78; 0.83;1;0;0
440;22.41; 6.80; 0.83;1;0;0
441;21.01; 6.80; 0.83;1;0;0
441;20.92; 6.81; 0.84;1;0;0
441;19.06; 6.82; 0.84;1;0;0
441;19.34; 6.83; 0.84;1;0;0
442;19.62; 6.84; 0.84;1;0;0
442;16.64; 6.84; 0.84;1;0;0
443; 8.78; 6.84; 0.84;1;0;0
443;13.53; 6.85; 0.85;1;0;0
443;16.48; 6.86; 0.85;1;0;0
444;22.32; 6.87; 0.85;1;0;0
444;24.13; 6.87; 0.85;1;0;0
444;23.91; 6.88; 0.85;1;0;0
444;25.15; 6.89; 0.85;1;0;0
444;23.39; 6.90; 0.85;1;0;0
445;22.41; 6.90; 0.86;1;0;0
445;22.23; 6.92; 0.86;1;0;0
445;19.99; 6.93; 0.86;1;0;0
445;19.99; 6.93; 0.86;1;0;0
446;19.91; 6.94; 0.86;1;0;0
446;18.41; 6.95; 0.86;1;0;0
446;20.52; 6.96; 0.86;1;0;0
447;21.01; 6.96; 0.87;1;0;0
447;19.34; 6.97; 0.87;1;0;0
447;20.52; 6.98; 0.87;1;0;0
447;19.20; 6.99; 0.87;1;0;0
448;18.35; 7.00; 0.87;1;0;0
448;20.14; 7.00; 0.87;1;0;0
448;19.20; 7.01; 0.87;1;0;0
448;19.13; 7.02; 0.88;1;0;0
449;21.01; 7.03; 0.88;1;0;0
449;19.55; 7.03; 0.88;1;0;0
449;20.92; 7.04; 0.88;1;0;0
450;21.78; 7.05; 0.88;1;0;0
450;19.62; 7.06; 0.88;1;0;0
450;20.37; 7.07; 0.89;1;0;0
450;19.69; 7.07; 0.89;1;0;0
451;18.41; 7.08; 0.89;1;0;0
451;19.91; 7.09; 0.89;1;0;0
451;18.66; 7.10; 0.89;1;0;0
451;17.39; 7.10; 0.89;1;0;0
452;18.60; 7.11; 0.89;1;0;0
452;16.18; 7.11; 0.90;1;0;0
452;16.43; 7.12; 0.90;1;0;0
453;17.80; 7.13; 0.90;1;0;0
453;15.57; 7.14; 0.90;1;0;0
453;15.99; 7.14; 0.90;1;0;0
454;18.35; 7.15; 0.90;1;0;0
454;17.51; 7.16; 0.90;1;0;0
454;20.76; 7.16; 0.91;1;0;0
454;21.69; 7.16; 0.91;1;0;0
455;20.21; 7.18; 0.91;1;0;0
455;21.43; 7.18; 0.91;1;0;0
455;20.37; 7.20; 0.91;1;0;0
456;19.13; 7.20; 0.91;1;0;0
456;19.69; 7.21; 0.92;1;0;0
456;17.80; 7.21; 0.92;1;0;0
456;18.66; 7.22; 0.92;1;0;0
457;20.52; 7.23; 0.92;1;0;0
457;18.47; 7.24; 0.92;1;0;0
457;19.13; 7.24; 0.92;1;0;0
458;19.13; 7.25; 0.92;1;0;0
458;17.01; 7.26; 0.93;1;0;0
458;19.27; 7.27; 0.93;1;0;0
458;19.34; 7.27; 0.93;1;0;0
459;19.41; 7.28; 0.93;1;0;0
459;22.99; 7.29; 0.93;1;0;0
459;21.09; 7.30; 0.93;1;0;0
459;22.41; 7.30; 0.93;1;0;0
460;25.03; 7.30; 0.94;1;0;0
460;23.60; 7.32; 0.94;1;0;0
460;24.46; 7.33; 0.94;1;0;0
460;24.57; 7.34; 0.94;1;0;0
461;22.32; 7.34; 0.94;1;0;0
461;19.41; 7.36; 0.94;1;0;0
461;17.22; 7.37; 0.95;1;0;0
462;18.80; 7.37; 0.95;1;0;0
462;18.66; 7.38; 0.95;1;0;0
462;18.10; 7.39; 0.95;1;0;0
462;19.27; 7.40; 0.95;1;0;0
463;16.64; 7.40; 0.95;1;0;0
463;16.33; 7.41; 0.96;1;0;0
463;16.09; 7.41; 0.96;1;0;0
464;14.02; 7.42; 0.96;1;0;0
464;16.33; 7.43; 0.96;1;0;0
464;17.74; 7.43; 0.96;1;0;0
465;18.16; 7.44; 0.96;1;0;0
465;20.92; 7.45; 0.96;1;0;0
465;19.84; 7.46; 0.97;1;0;0
466;19.41; 7.46; 0.97;1;0;0
466;19.55; 7.47; 0.97;1;0;0
466;17.74; 7.47; 0.97;1;0;0
466;19.13; 7.48; 0.97;1;0;0
467;20.06; 7.49; 0.97;1;0;0
467;17.62; 7.49; 0.97;1;0;0
467;18.73; 7.50; 0.98;1;0;0
468;19.41; 7.51; 0.98;1;0;0
468;17.92; 7.52; 0.98;1;0;0
468;19.06; 7.52; 0.98;1;0;0
468;17.80; 7.53; 0.98;1;0;0
469;16.95; 7.54; 0.98;1;0;0
469;19.48; 7.54; 0.99;1;0;0
469;19.20; 7.55; 0.99;1;0;0
470;19.00; 7.56; 0.99;1;0;0
470;19.91; 7.57; 0.99;1;0;0
470;17.56; 7.57; 0.99;1;0;0
470;17.80; 7.57; 0.99;1;0;0
471;18.66; 7.58; 0.99;1;0;0
471;16.74; 7.59; 1.00;1;0;0
471;19.06; 7.60; 1.00;1;0;0
472;18.73; 7.60; 1.00;1;0;0
472;16.95; 7.61; 1.00;1;0;0
472;18.93; 7.62; 1.00;1;0;0
473;18.41; 7.62; 1.00;1;0;0
473;18.10; 7.63; 1.00;1;0;0
473;19.77; 7.64; 1.01;1;0;0
473;17.51; 7.64; 1.01;1;0;0
474;17.74; 7.65; 1.01;1;0;0
474;18.35; 7.65; 1.01;1;0;0
474;15.80; 7.66; 1.01;1;0;0
475;16.23; 7.67; 1.01;1;0;0
475;16.90; 7.68; 1.01;1;0;0
475;15.44; 7.68; 1.02;1;0;0
476;17.74; 7.68; 1.02;1;0;0
476;17.17; 7.69; 1.02;1;0;0
476;16.74; 7.70; 1.02;1;0;0
477;17.17; 7.71; 1.02;1;0;0
477;14.72; 7.71; 1.02;1;0;0
477;17.98; 7.71; 1.03;1;0;0
477;22.60; 7.72; 1.03;1;0;0
478;21.69; 7.74; 1.03;1;0;0
478;21.51; 7.75; 1.03;1;0;0
479;19.48; 7.75; 1.03;1;0;0
479;20.68; 7.76; 1.03;1;0;0
479;19.91; 7.77; 1.04;1;0;0
479;17.92; 7.77; 1.04;1;0;0
480;17.74; 7.78; 1.04;1;0;0
480;15.53; 7.78; 1.04;1;0;0
480;14.17; 7.79; 1.04;1;0;0
481;14.60; 7.80; 1.04;1;0;0
481;12.09; 7.80; 1.04;1;0;0
482;12.69; 7.80; 1.05;1;0;0
482;13.99; 7.81; 1.05;1;0;0
482;11.33; 7.81; 1.05;1;0;0
483;13.23; 7.82; 1.05;1;0;0
483;13.10; 7.82; 1.05;1;0;0
484;13.39; 7.83; 1.05;1;0;0
484;15.99; 7.83; 1.05;1;0;0
484;15.26; 7.84; 1.06;1;0;0
485;15.05; 7.84; 1.06;1;0;0
485;17.45; 7.85; 1.06;1;0;0
485;16.90; 7.85; 1.06;1;0;0
486;20.37; 7.86; 1.06;1;0;0
486;23.60; 7.86; 1.06;1;0;0
486;21.51; 7.86; 1.07;1;0;0
486;21.43; 7.88; 1.07;1;0;0
487;19.69; 7.89; 1.07;1;0;0
487;20.06; 7.89; 1.07;1;0;0
487;25.63; 7.90; 1.07;1;0;0
487;25.15; 7.91; 1.07;1;0;0
488;23.29; 7.91; 1.07;1;0;0
488;23.29; 7.91; 1.08;1;0;0
488;21.69; 7.93; 1.08;1;0;0
488;21.34; 7.94; 1.08;1;0;0
488;22.23; 7.95; 1.08;1;0;0
489;19.27; 7.95; 1.08;1;0;0
489;19.69; 7.96; 1.08;1;0;0
489;19.69; 7.96; 1.08;1;0;0
490;18.66; 7.97; 1.09;1;0;0
490;22.41; 7.98; 1.09;1;0;0
490;24.46; 7.98; 1.09;1;0;0
490;22.23; 7.99; 1.09;1;0;0
491;22.41; 8.00; 1.09;1;0;0
491;21.78; 8.00; 1.09;1;0;0
491;22.60; 8.01; 1.10;1;0;0
491;26.52; 8.01; 1.10;1;0;0
491;24.35; 8.03; 1.10;1;0;0
492;22.41; 8.03; 1.10;1;0;0
492;21.34; 8.04; 1.10;1;0;0
492;19.77; 8.05; 1.10;1;0;0
492;21.17; 8.05; 1.10;1;0;0
493;22.51; 8.06; 1.11;1;0;0
493;20.60; 8.07; 1.11;1;0;0
493;22.04; 8.07; 1.11;1;0;0
493;22.04; 8.07; 1.11;1;0;0
494;19.77; 8.09; 1.11;1;0;0
494;18.73; 8.10; 1.11;1;0;0
494;16.69; 8.10; 1.11;1;0;0
495;18.28; 8.11; 1.12;1;0;0
495;21.01; 8.11; 1.12;1;0;0
495;19.69; 8.12; 1.12;1;0;0
495;22.41; 8.12; 1.12;1;0;0
496;25.39; 8.12; 1.12;1;0;0
496;23.19; 8.14; 1.12;1;0;0
496;24.35; 8.15; 1.12;1;0;0
496;23.70; 8.15; 1.13;1;0;0
496;23.19; 8.16; 1.13;1;0;0
497;25.15; 8.16; 1.13;1;0;0
497;23.49; 8.18; 1.13;1;0;0
497;21.78; 8.18; 1.13;1;0;0
497;21.60; 8.19; 1.13;1;0;0
498;19.91; 8.20; 1.14;1;0;0
498;21.09; 8.20; 1.14;1;0;0
498;23.60; 8.21; 1.14;1;0;0
498;21.51; 8.21; 1.14;1;0;0
499;23.19; 8.22; 1.14;1;0;0
499;24.80; 8.22; 1.14;1;0;0
499;23.70; 8.24; 1.14;1;0;0
499;23.91; 8.24; 1.15;1;0;0
500;22.04; 8.25; 1.15;1;0;0
500;20.52; 8.26; 1.15;1;0;0
500;21.51; 8.26; 1.15;1;0;0
500;20.52; 8.27; 1.15;1;0;0
501;21.17; 8.28; 1.15;1;0;0
501;23.60; 8.28; 1.15;1;0;0
501;22.32; 8.30; 1.16;1;0;0
502;25.03; 8.30; 1.16;1;0;0
502;23.49; 8.31; 1.16;1;0;0
502;24.24; 8.32; 1.16;1;0;0
502;23.29; 8.32; 1.16;1;0;0
502;21.95; 8.33; 1.17;1;0;0
503;26.00; 8.33; 1.17;1;0;0
503;24.46; 8.35; 1.17;1;0;0
503;23.49; 8.35; 1.17;1;0;0
503;24.46; 8.36; 1.17;1;0;0
504;23.09; 8.36; 1.17;1;0;0
504;22.70; 8.37; 1.17;1;0;0
504;23.09; 8.37; 1.18;1;0;0
504;21.95; 8.39; 1.18;1;0;0
504;23.91; 8.39; 1.18;1;0;0
505;25.15; 8.40; 1.18;1;0;0
505;22.99; 8.41; 1.18;1;0;0
505;24.02; 8.42; 1.18;1;0;0
506;24.02; 8.43; 1.19;1;0;0
506;26.52; 8.43; 1.19;1;0;0
506;25.75; 8.44; 1.19;1;0;0
506;25.63; 8.44; 1.19;1;0;0
506;27.19; 8.46; 1.19;1;0;0
507;26.52; 8.46; 1.19;1;0;0
507;28.05; 8.47; 1.19;1;0;0
507;28.34; 8.47; 1.20;1;0;0
507;25.63; 8.48; 1.20;1;0;0
507;27.05; 8.49; 1.20;1;0;0
508;27.05; 8.49; 1.20;1;0;0
508;25.75; 8.51; 1.20;1;0;0
508;25.15; 8.51; 1.20;1;0;0
508;23.09; 8.52; 1.21;1;0;0
508;24.13; 8.53; 1.21;1;0;0
509;26.78; 8.53; 1.21;1;0;0
509;26.13; 8.54; 1.21;1;0;0
509;27.33; 8.55; 1.21;1;0;0
509;29.11; 8.55; 1.21;1;0;0
509;27.33; 8.56; 1.21;1;0;0
510;28.19; 8.57; 1.22;1;0;0
510;28.34; 8.57; 1.22;1;0;0
510;28.49; 8.59; 1.22;1;0;0
510;30.79; 8.59; 1.22;1;0;0
511;28.96; 8.61; 1.22;1;0;0
511;29.27; 8.61; 1.22;1;0;0
511;27.19; 8.62; 1.23;1;0;0
511;27.47; 8.62; 1.23;1;0;0
511;27.90; 8.64; 1.23;1;0;0
512;25.75; 8.64; 1.23;1;0;0
512;26.00; 8.65; 1.23;1;0;0
512;26.39; 8.65; 1.23;1;0;0
512;25.75; 8.66; 1.24;1;0;0
512;27.19; 8.67; 1.24;1;0;0
513;25.27; 8.67; 1.24;1;0;0
513;23.49; 8.69; 1.24;1;0;0
513;25.15; 8.69; 1.24;1;0;0
513;24.02; 8.70; 1.24;1;0;0
513;26.00; 8.70; 1.24;1;0;0
514;30.44; 8.70; 1.25;1;0;0
514;29.27; 8.72; 1.25;1;0;0
514;28.65; 8.73; 1.25;1;0;0
514;28.49; 8.73; 1.25;1;0;0
514;27.47; 8.74; 1.25;1;0;0
515;28.19; 8.75; 1.25;1;0;0
515;26.26; 8.75; 1.25;1;0;0
515;24.92; 8.76; 1.26;1;0;0
515;25.88; 8.77; 1.26;1;0;0
515;25.27; 8.77; 1.26;1;0;0
516;25.39; 8.77; 1.26;1;0;0
516;27.05; 8.79; 1.26;1;0;0
516;25.51; 8.80; 1.26;1;0;0
516;23.60; 8.80; 1.26;1;0;0
516;22.79; 8.81; 1.27;1;0;0
517;21.60; 8.81; 1.27;1;0;0
517;22.79; 8.81; 1.27;1;0;0
517;23.60; 8.83; 1.27;1;0;0
517;21.51; 8.84; 1.27;1;0;0
518;22.79; 8.84; 1.27;1;0;0
518;22.99; 8.85; 1.28;1;0;0
518;22.99; 8.85; 1.28;1;0;0
518;27.33; 8.85; 1.28;1;0;0
519;26.65; 8.87; 1.28;1;0;0
519;26.92; 8.87; 1.28;1;0;0
519;29.11; 8.88; 1.28;1;0;0
519;28.49; 8.88; 1.28;1;0;0
519;30.09; 8.90; 1.29;1;0;0
519;31.14; 8.90; 1.29;1;0;0
520;29.43; 8.90; 1.29;1;0;0
520;29.60; 8.92; 1.29;1;0;0
520;29.11; 8.92; 1.29;1;0;0
520;28.96; 8.93; 1.29;1;0;0
520;34.12; 8.94; 1.29;1;0;0
520;33.90; 8.94; 1.30;1;0;0
521;31.70; 8.95; 1.30;1;0;0
521;30.79; 8.96; 1.30;1;0;0
521;29.43; 8.96; 1.30;1;0;0
521;29.93; 8.98; 1.30;1;0;0
522;26.52; 8.99; 1.30;1;0;0
522;28.49; 9.00; 1.31;1;0;0
522;30.09; 9.00; 1.31;1;0;0
522;29.43; 9.00; 1.31;1;0;0
522;30.26; 9.02; 1.31;1;0;0
523;28.05; 9.02; 1.31;1;0;0
523;27.33; 9.02; 1.31;1;0;0
523;27.61; 9.04; 1.32;1;0;0
523;26.13; 9.04; 1.32;1;0;0
523;27.61; 9.04; 1.32;1;0;0
523;28.80; 9.06; 1.32;1;0;0
524;26.92; 9.07; 1.32;1;0;0
524;26.92; 9.07; 1.32;1;0;0
524;27.47; 9.07; 1.32;1;0;0
524;27.19; 9.09; 1.33;1;0;0
524;29.76; 9.09; 1.33;1;0;0
525;29.76; 9.09; 1.33;1;0;0
525;29.93; 9.11; 1.33;1;0;0
525;31.33; 9.11; 1.33;1;0;0
525;29.93; 9.11; 1.33;1;0;0
525;30.26; 9.13; 1.33;1;0;0
526;29.76; 9.14; 1.34;1;0;0
526;29.43; 9.15; 1.34;1;0;0
526;29.60; 9.16; 1.34;1;0;0
526;28.65; 9.16; 1.34;1;0;0
526;30.26; 9.17; 1.34;1;0;0
527;30.44; 9.17; 1.35;1;0;0
527;29.27; 9.19; 1.35;1;0;0
527;31.33; 9.19; 1.35;1;0;0
527;30.79; 9.19; 1.35;1;0;0
527;30.09; 9.21; 1.35;1;0;0
527;30.44; 9.21; 1.35;1;0;0
528;28.19; 9.21; 1.35;1;0;0
528;28.05; 9.23; 1.36;1;0;0
528;27.61; 9.23; 1.36;1;0;0
528;26.78; 9.23; 1.36;1;0;0
528;29.27; 9.25; 1.36;1;0;0
529;30.61; 9.26; 1.36;1;0;0
529;31.14; 9.27; 1.36;1;0;0
529;31.70; 9.28; 1.37;1;0;0
529;32.47; 9.28; 1.37;1;0;0
529;33.69; 9.29; 1.37;1;0;0
530;30.96; 9.31; 1.37;1;0;0
530;31.89; 9.31; 1.37;1;0;0
530;31.14; 9.31; 1.37;1;0;0
530;33.48; 9.33; 1.38;1;0;0
530;32.66; 9.33; 1.38;1;0;0
531;30.96; 9.34; 1.38;1;0;0
531;32.27; 9.35; 1.38;1;0;0
531;31.70; 9.35; 1.38;1;0;0
531;31.33; 9.36; 1.38;1;0;0
531;29.43; 9.38; 1.39;1;0;0
532;29.76; 9.38; 1.39;1;0;0
532;30.44; 9.39; 1.39;1;0;0
532;29.27; 9.39; 1.39;1;0;0
532;30.96; 9.40; 1.39;1;0;0
532;31.89; 9.40; 1.39;1;0;0
533;30.44; 9.42; 1.40;1;0;0
533;31.14; 9.42; 1.40;1;0;0
533;30.79; 9.42; 1.40;1;0;0
533;29.93; 9.44; 1.40;1;0;0
533;31.51; 9.44; 1.40;1;0;0
533;29.76; 9.44; 1.40;1;0;0
534;29.60; 9.46; 1.40;1;0;0
534;31.14; 9.47; 1.41;1;0;0
534;31.70; 9.48; 1.41;1;0;0
534;31.89; 9.48; 1.41;1;0;0
534;30.44; 9.50; 1.41;1;0;0
535;31.89; 9.50; 1.41;1;0;0
535;32.27; 9.50; 1.42;1;0;0
535;31.89; 9.52; 1.42;1;0;0
535;33.69; 9.52; 1.42;1;0;0
535;32.08; 9.53; 1.42;1;0;0
535;30.26; 9.53; 1.42;1;0;0
536;30.44; 9.53; 1.42;1;0;0
536;29.60; 9.55; 1.42;1;0;0
536;31.51; 9.55; 1.43;1;0;0
536;34.56; 9.56; 1.43;1;0;0
536;32.27; 9.57; 1.43;1;0;0
536;31.70; 9.57; 1.43;1;0;0
537;31.33; 9.59; 1.43;1;0;0
537;32.66; 9.60; 1.43;1;0;0
537;32.08; 9.61; 1.44;1;0;0
537;30.44; 9.61; 1.44;1;0;0
537;32.47; 9.62; 1.44;1;0;0
538;32.86; 9.64; 1.44;1;0;0
538;33.07; 9.64; 1.44;1;0;0
538;31.33; 9.64; 1.44;1;0;0
538;32.47; 9.66; 1.45;1;0;0
539;32.08; 9.67; 1.45;1;0;0
539;33.48; 9.68; 1.45;1;0;0
539;32.86; 9.68; 1.45;1;0;0
539;31.51; 9.69; 1.45;1;0;0
539;30.61; 9.70; 1.46;1;0;0
540;29.60; 9.71; 1.46;1;0;0
540;30.09; 9.72; 1.46;1;0;0
540;28.05; 9.72; 1.46;1;0;0
540;28.80; 9.73; 1.46;1;0;0
540;29.60; 9.73; 1.46;1;0;0
541;28.80; 9.74; 1.47;1;0;0
541;31.70; 9.75; 1.47;1;0;0
541;33.07; 9.75; 1.47;1;0;0
541;31.51; 9.76; 1.47;1;0;0
541;32.08; 9.77; 1.47;1;0;0
541;32.08; 9.77; 1.47;1;0;0
542;32.86; 9.78; 1.47;1;0;0
542;36.19; 9.78; 1.48;1;0;0
542;34.34; 9.80; 1.48;1;0;0
542;33.90; 9.80; 1.48;1;0;0
542;34.56; 9.81; 1.48;1;0;0
542;34.12; 9.82; 1.48;1;0;0
543;34.78; 9.82; 1.48;1;0;0
543;33.27; 9.83; 1.49;1;0;0
543;31.89; 9.83; 1.49;1;0;0
543;32.47; 9.85; 1.49;1;0;0
543;33.07; 9.85; 1.49;1;0;0
543;33.90; 9.85; 1.49;1;0;0
543;37.20; 9.87; 1.49;1;0;0
544;36.44; 9.87; 1.49;1;0;0
544;36.19; 9.88; 1.50;1;0;0
544;37.99; 9.88; 1.50;1;0;0
544;36.94; 9.90; 1.50;1;0;0
544;37.46; 9.90; 1.50;1;0;0
544;37.20; 9.91; 1.50;1;0;0
544;35.71; 9.91; 1.50;1;0;0
545;35.48; 9.93; 1.50;1;0;0
545;35.95; 9.93; 1.51;1;0;0
545;34.56; 9.94; 1.51;1;0;0
545;35.71; 9.94; 1.51;1;0;0
545;33.90; 9.95; 1.51;1;0;0
545;33.07; 9.96; 1.51;1;0;0
546;34.56; 9.96; 1.51;1;0;0
546;33.48; 9.97; 1.51;1;0;0
546;34.56; 9.97; 1.52;1;0;0
546;35.24; 9.99; 1.52;1;0;0
546;33.07; 9.99; 1.52;1;0;0
546;33.48;10.00; 1.52;1;0;0
547;33.48;10.01; 1.52;1;0;0
547;33.07;10.01; 1.52;1;0;0
547;33.90;10.02; 1.53;1;0;0
547;32.86;10.02; 1.53;1;0;0
547;32.08;10.04; 1.53;1;0;0
547;32.66;10.04; 1.53;1;0;0
548;31.51;10.04; 1.53;1;0;0
548;31.51;10.06; 1.53;1;0;0
548;32.66;10.06; 1.53;1;0;0
548;30.79;10.07; 1.54;1;0;0
548;30.96;10.08; 1.54;1;0;0
548;31.14;10.08; 1.54;1;0;0
549;30.61;10.09; 1.54;1;0;0
549;32.27;10.09; 1.54;1;0;0
549;32.27;10.10; 1.54;1;0;0
549;30.96;10.11; 1.54;1;0;0
549;31.51;10.11; 1.55;1;0;0
549;30.79;10.12; 1.55;1;0;0
550;31.70;10.12; 1.55;1;0;0
550;33.69;10.14; 1.55;1;0;0
550;32.27;10.14; 1.55;1;0;0
550;32.08;10.14; 1.55;1;0;0
550;31.51;10.16; 1.55;1;0;0
550;30.44;10.16; 1.56;1;0;0
551;30.09;10.16; 1.56;1;0;0
551;28.65;10.18; 1.56;1;0;0
551;29.60;10.19; 1.56;1;0;0
551;29.93;10.19; 1.56;1;0;0
551;29.11;10.20; 1.57;1;0;0
552;30.09;10.20; 1.57;1;0;0
552;28.49;10.21; 1.57;1;0;0
552;28.80;10.21; 1.57;1;0;0
552;31.14;10.23; 1.57;1;0;0
552;30.61;10.23; 1.57;1;0;0
553;31.51;10.23; 1.57;1;0;0
553;32.66;10.25; 1.58;1;0;0
553;31.14;10.25; 1.58;1;0;0
553;32.66;10.25; 1.58;1;0;0
553;34.12;10.27; 1.58;1;0;0
553;33.69;10.27; 1.58;1;0;0
554;34.12;10.28; 1.58;1;0;0
554;32.47;10.28; 1.58;1;0;0
554;31.89;10.29; 1.59;1;0;0
554;34.78;10.30; 1.59;1;0;0
554;34.12;10.30; 1.59;1;0;0
554;34.56;10.31; 1.59;1;0;0
554;35.24;10.31; 1.59;1;0;0
555;32.66;10.33; 1.59;1;0;0
555;33.27;10.33; 1.60;1;0;0
555;33.27;10.33; 1.60;1;0;0
555;33.07;10.35; 1.60;1;0;0
555;33.90;10.35; 1.60;1;0;0
555;32.27;10.36; 1.60;1;0;0
556;31.51;10.36; 1.60;1;0;0
556;32.27;10.36; 1.60;1;0;0
556;31.14;10.38; 1.61;1;0;0
556;33.27;10.38; 1.61;1;0;0
556;35.71;10.39; 1.61;1;0;0
556;33.69;10.39; 1.61;1;0;0
557;33.69;10.41; 1.61;1;0;0
557;33.90;10.41; 1.61;1;0;0
557;32.66;10.42; 1.61;1;0;0
557;33.69;10.42; 1.62;1;0;0
557;33.27;10.42; 1.62;1;0;0
557;31.89;10.44; 1.62;1;0;0
558;32.47;10.44; 1.62;1;0;0
558;31.33;10.45; 1.62;1;0;0
558;31.33;10.46; 1.62;1;0;0
558;32.27;10.46; 1.62;1;0;0
558;30.26;10.47; 1.63;2;0;0
558;31.14;10.47; 1.63;2;0;0
559;32.66;10.48; 1.63;2;0;0
559;31.89;10.49; 1.63;2;0;0
559;33.27;10.49; 1.63;2;0;0
559;32.66;10.50; 1.63;2;0;0
559;30.96;10.50; 1.64;2;0;0
559;32.08;10.52; 1.64;2;0;0
560;31.70;10.52; 1.64;2;0;0
560;32.08;10.52; 1.64;2;0;0
560;33.27;10.54; 1.64;2;0;0
560;32.08;10.54; 1.64;2;0;0
560;32.47;10.55; 1.64;2;0;0
560;33.69;10.55; 1.65;2;0;0
561;33.90;10.55; 1.65;2;0;0
561;33.48;10.57; 1.65;2;0;0
561;32.66;10.57; 1.65;2;0;0
561;30.61;10.58; 1.65;2;0;0
561;32.08;10.59; 1.65;2;0;0
561;32.08;10.59; 1.65;2;0;0
562;31.33;10.60; 1.66;2;0;0
562;32.47;10.60; 1.66;2;0;0
562;31.14;10.61; 1.66;2;0;0
562;30.79;10.62; 1.66;2;0;0
562;31.70;10.62; 1.66;2;0;0
562;30.79;10.63; 1.66;2;0;0
563;31.51;10.64; 1.67;2;0;0
563;32.66;10.64; 1.67;2;0;0
563;31.33;10.65; 1.67;2;0;0
563;32.86;10.65; 1.67;2;0;0
563;33.27;10.66; 1.67;2;0;0
563;32.47;10.67; 1.67;2;0;0
564;33.48;10.67; 1.67;2;0;0
564;31.89;10.68; 1.68;2;0;0
564;31.14;10.68; 1.68;2;0;0
564;32.47;10.70; 1.68;2;0;0
564;31.89;10.70; 1.68;2;0;0
564;32.27;10.70; 1.68;2;0;0
565;33.27;10.71; 1.68;2;0;0
565;31.70;10.71; 1.68;2;0;0
565;32.86;10.73; 1.69;2;0;0
565;33.69;10.73; 1.69;2;0;0
565;32.47;10.73; 1.69;2;0;0
565;33.90;10.75; 1.69;2;0;0
566;32.86;10.75; 1.69;2;0;0
566;31.70;10.76; 1.69;2;0;0
566;33.07;10.76; 1.69;2;0;0
566;32.08;10.76; 1.70;2;0;0
566;32.27;10.78; 1.70;2;0;0
566;32.86;10.78; 1.70;2;0;0
567;30.96;10.79; 1.70;2;0;0
567;32.08;10.79; 1.70;2;0;0
567;32.66;10.79; 1.70;2;0;0
567;31.51;10.81; 1.71;2;0;0
567;32.27;10.81; 1.71;2;0;0
567;31.33;10.82; 1.71;2;0;0
568;29.60;10.83; 1.71;2;0;0
568;30.26;10.83; 1.71;2;0;0
568;29.76;10.84; 1.71;2;0;0
568;30.26;10.84; 1.71;2;0;0
568;32.47;10.84; 1.72;2;0;0
568;30.44;10.86; 1.72;2;0;0
569;31.33;10.86; 1.72;2;0;0
569;32.66;10.86; 1.72;2;0;0
569;31.70;10.88; 1.72;2;0;0
569;33.07;10.88; 1.72;2;0;0
569;32.27;10.89; 1.72;2;0;0
569;31.14;10.89; 1.73;2;0;0
570;32.66;10.89; 1.73;2;0;0
570;32.47;10.91; 1.73;2;0;0
570;32.47;10.91; 1.73;2;0;0
570;33.90;10.92; 1.73;2;0;0
570;32.08;10.92; 1.73;2;0;0
570;32.47;10.92; 1.73;2;0;0
571;34.56;10.94; 1.74;2;0;0
571;33.69;10.94; 1.74;2;0;0
571;34.34;10.95; 1.74;2;0;0
571;33.27;10.95; 1.74;2;0;0
571;33.48;10.96; 1.74;2;0;0
571;36.44;10.96; 1.74;2;0;0
572;35.01;10.98; 1.75;2;0;0
572;34.56;10.98; 1.75;2;0;0
572;34.12;10.98; 1.75;2;0;0
572;32.08;10.99; 1.75;2;0;0
572;32.47;10.99; 1.75;2;0;0
572;32.66;11.01; 1.75;2;0;0
573;31.14;11.01; 1.75;2;0;0
573;31.14;11.01; 1.76;2;0;0
573;30.79;11.03; 1.76;2;0;0
573;29.43;11.03; 1.76;2;0;0
573;31.14;11.04; 1.76;2;0;0
573;30.44;11.04; 1.76;2;0;0
574;28.65;11.04; 1.76;2;0;0
574;29.76;11.06; 1.76;2;0;0
574;29.43;11.06; 1.77;2;0;0
574;29.76;11.06; 1.77;2;0;0
574;31.51;11.07; 1.77;2;0;0
575;29.43;11.09; 1.77;2;0;0
575;27.90;11.09; 1.77;2;0;0
575;26.13;11.10; 1.78;2;0;0
575;27.61;11.10; 1.78;2;0;0
575;28.49;11.11; 1.78;2;0;0
576;27.61;11.11; 1.78;2;0;0
576;28.49;11.11; 1.78;2;0;0
576;28.80;11.13; 1.78;2;0;0
576;28.65;11.13; 1.78;2;0;0
576;30.96;11.13; 1.79;2;0;0
577;30.26;11.14; 1.79;2;0;0
577;30.26;11.15; 1.79;2;0;0
577;31.14;11.15; 1.79;2;0;0
577;29.43;11.16; 1.79;2;0;0
577;30.26;11.16; 1.79;2;0;0
577;30.96;11.16; 1.79;2;0;0
578;30.09;11.18; 1.80;2;0;0
578;30.61;11.19; 1.80;2;0;0
578;29.43;11.19; 1.80;2;0;0
578;30.44;11.20; 1.80;2;0;0
578;29.76;11.20; 1.80;2;0;0
579;30.61;11.21; 1.80;2;0;0
579;32.66;11.21; 1.81;2;0;0
579;30.79;11.22; 1.81;2;0;0
579;30.61;11.23; 1.81;2;0;0
579;31.51;11.23; 1.81;2;0;0
579;30.44;11.24; 1.81;2;0;0
580;31.33;11.24; 1.81;2;0;0
580;30.79;11.25; 1.82;2;0;0
580;30.09;11.26; 1.82;2;0;0
580;30.79;11.26; 1.82;2;0;0
580;29.27;11.27; 1.82;2;0;0
581;30.09;11.28; 1.82;2;0;0
581;33.07;11.28; 1.82;2;0;0
581;31.89;11.29; 1.82;2;0;0
581;29.11;11.30; 1.83;2;0;0
581;28.34;11.31; 1.83;2;0;0
582;29.43;11.31; 1.83;2;0;0
582;28.19;11.31; 1.83;2;0;0
582;26.92;11.32; 1.83;2;0;0
582;27.76;11.33; 1.83;2;0;0
582;27.33;11.33; 1.84;2;0;0
583;27.33;11.34; 1.84;2;0;0
583;29.27;11.34; 1.84;2;0;0
583;27.19;11.34; 1.84;2;0;0
583;27.19;11.36; 1.84;2;0;0
583;27.47;11.36; 1.84;2;0;0
584;26.13;11.36; 1.85;2;0;0
584;26.92;11.36; 1.85;2;0;0
584;28.65;11.38; 1.85;2;0;0
584;26.78;11.38; 1.85;2;0;0
585;27.76;11.39; 1.85;2;0;0
585;27.33;11.40; 1.85;2;0;0
585;29.27;11.40; 1.86;2;0;0
585;28.65;11.40; 1.86;2;0;0
585;27.90;11.41; 1.86;2;0;0
585;29.93;11.42; 1.86;2;0;0
586;29.27;11.42; 1.86;2;0;0
586;29.27;11.43; 1.86;2;0;0
586;28.49;11.44; 1.87;2;0;0
586;29.43;11.45; 1.87;2;0;0
587;29.60;11.45; 1.87;2;0;0
587;28.19;11.45; 1.87;2;0;0
587;28.96;11.46; 1.87;2;0;0
587;28.19;11.47; 1.87;2;0;0
587;27.19;11.47; 1.87;2;0;0
588;27.76;11.48; 1.88;2;0;0
588;27.19;11.48; 1.88;2;0;0
588;27.19;11.48; 1.88;2;0;0
588;29.93;11.50; 1.88;2;0;0
588;28.49;11.50; 1.88;2;0;0
589;29.27;11.51; 1.89;2;0;0
589;28.80;11.52; 1.89;2;0;0
589;31.14;11.52; 1.89;2;0;0
589;31.14;11.53; 1.89;2;0;0
589;29.76;11.53; 1.89;2;0;0
590;32.08;11.53; 1.89;2;0;0
590;32.27;11.55; 1.89;2;0;0
590;32.66;11.55; 1.90;2;0;0
590;33.69;11.55; 1.90;2;0;0
590;32.08;11.56; 1.90;2;0;0
590;32.27;11.56; 1.90;2;0;0
591;31.89;11.58; 1.90;2;0;0
591;30.44;11.58; 1.90;2;0;0
591;32.66;11.58; 1.90;2;0;0
591;32.66;11.59; 1.91;2;0;0
591;30.61;11.59; 1.91;2;0;0
591;30.79;11.61; 1.91;2;0;0
592;30.26;11.61; 1.91;2;0;0
592;31.14;11.61; 1.91;2;0;0
592;33.48;11.62; 1.91;2;0;0
592;32.47;11.62; 1.92;2;0;0
592;32.86;11.63; 1.92;2;0;0
592;33.27;11.64; 1.92;2;0;0
593;32.27;11.64; 1.92;2;0;0
593;32.27;11.65; 1.92;2;0;0
593;30.09;11.65; 1.92;2;0;0
593;28.49;11.66; 1.92;2;0;0
593;29.43;11.67; 1.93;2;0;0
594;27.61;11.68; 1.93;2;0;0
594;28.80;11.68; 1.93;2;0;0
594;28.19;11.69; 1.93;2;0;0
594;27.33;11.69; 1.93;2;0;0
594;27.90;11.70; 1.93;2;0;0
595;26.39;11.70; 1.94;2;0;0
595;26.26;11.71; 1.94;2;0;0
595;25.51;11.71; 1.94;2;0;0
595;23.81;11.72; 1.94;2;0;0
595;25.51;11.72; 1.94;2;0;0
596;25.75;11.73; 1.94;2;0;0
596;25.51;11.73; 1.94;2;0;0
596;28.34;11.74; 1.95;2;0;0
596;27.76;11.74; 1.95;2;0;0
596;26.92;11.74; 1.95;2;0;0
597;29.27;11.75; 1.95;2;0;0
597;28.80;11.76; 1.95;2;0;0
597;28.49;11.76; 1.95;2;0;0
597;28.65;11.77; 1.96;2;0;0
597;27.05;11.77; 1.96;2;0;0
598;28.34;11.78; 1.96;2;0;0
598;29.60;11.78; 1.96;2;0;0
598;28.34;11.79; 1.96;2;0;0
598;30.26;11.79; 1.96;2;0;0
598;29.93;11.79; 1.96;2;0;0
599;28.34;11.81; 1.97;2;0;0
599;29.43;11.81; 1.97;2;0;0
599;29.27;11.81; 1.97;2;0;0
599;30.09;11.82; 1.97;2;0;0
599;29.60;11.83; 1.97;2;0;0
600;30.26;11.84; 1.97;2;0;0
600;31.33;11.84; 1.98;2;0;0
600;30.44;11.85; 1.98;2;0;0
600;32.08;11.85; 1.98;2;0;0
600;32.08;11.85; 1.98;2;0;0
600;30.44;11.87; 1.98;2;0;0
601;31.51;11.87; 1.98;2;0;0
601;31.33;11.87; 1.98;2;0;0
601;31.89;11.88; 1.99;2;0;0
601;33.07;11.88; 1.99;2;0;0
601;31.51;11.89; 1.99;2;0;0
601;31.51;11.90; 1.99;2;0;0
602;32.08;11.90; 1.99;2;0;0
602;31.33;11.91; 1.99;2;0;0
602;32.66;11.91; 2.00;2;0;0
602;32.66;11.92; 2.00;2;0;0
602;31.33;11.93; 2.00;2;0;0
602;32.27;11.93; 2.00;2;0;0
603;31.70;11.94; 2.00;2;0;0
603;31.33;11.94; 2.00;2;0;0
603;32.47;11.95; 2.00;2;0;0
603;30.96;11.95; 2.01;2;0;0
603;29.93;11.95; 2.01;2;0;0
603;31.33;11.97; 2.01;2;0;0
604;30.26;11.97; 2.01;2;0;0
604;31.14;11.97; 2.01;2;0;0
604;31.33;11.98; 2.01;2;0;0
604;29.60;11.98; 2.01;2;0;0
604;30.96;11.99; 2.02;2;0;0
605;30.79;12.00; 2.02;2;0;0
605;30.79;12.00; 2.02;2;0;0
605;33.48;12.01; 2.02;2;0;0
605;32.08;12.02; 2.02;2;0;0
605;33.69;12.03; 2.03;2;0;0
606;32.86;12.03; 2.03;2;0;0
606;33.48;12.04; 2.03;2;0;0
606;34.34;12.04; 2.03;2;0;0
606;33.07;12.05; 2.03;2;0;0
606;34.34;12.05; 2.03;2;0;0
606;35.95;12.05; 2.03;2;0;0
606;35.71;12.07; 2.04;2;0;0
607;35.48;12.07; 2.04;2;0;0
607;34.12;12.08; 2.04;2;0;0
607;33.69;12.08; 2.04;2;0;0
607;34.78;12.09; 2.04;2;0;0
607;33.48;12.09; 2.04;2;0;0
607;32.47;12.09; 2.04;2;0;0
608;32.47;12.10; 2.05;2;0;0
608;30.96;12.10; 2.05;2;0;0
608;31.70;12.12; 2.05;2;0;0
608;31.33;12.12; 2.05;2;0;0
608;30.61;12.12; 2.05;2;0;0
608;33.07;12.13; 2.05;2;0;0
609;32.66;12.13; 2.05;2;0;0
609;31.89;12.14; 2.06;2;0;0
609;32.86;12.15; 2.06;2;0;0
609;32.08;12.15; 2.06;2;0;0
609;32.08;12.16; 2.06;2;0;0
609;33.48;12.16; 2.06;2;0;0
610;31.51;12.17; 2.06;2;0;0
610;32.27;12.18; 2.07;2;0;0
610;33.90;12.18; 2.07;2;0;0
610;32.66;12.19; 2.07;2;0;0
610;32.27;12.19; 2.07;2;0;0
610;31.89;12.20; 2.07;2;0;0
611;31.33;12.20; 2.07;2;0;0
611;34.12;12.20; 2.07;2;0;0
611;33.90;12.21; 2.08;2;0;0
611;33.48;12.21; 2.08;2;0;0
611;33.90;12.23; 2.08;2;0;0
611;31.33;12.23; 2.08;2;0;0
612;30.79;12.24; 2.08;2;0;0
612;31.89;12.24; 2.08;2;0;0
612;30.96;12.24; 2.08;2;0;0
612;32.66;12.25; 2.09;2;0;0
612;32.08;12.25; 2.09;2;0;0
612;30.44;12.27; 2.09;2;0;0
613;31.70;12.27; 2.09;2;0;0
613;31.70;12.27; 2.09;2;0;0
613;32.27;12.28; 2.09;2;0;0
613;34.12;12.28; 2.10;2;0;0
613;33.07;12.29; 2.10;2;0;0
613;32.86;12.30; 2.10;2;0;0
614;33.07;12.30; 2.10;2;0;0
614;32.47;12.31; 2.10;2;0;0
614;33.27;12.31; 2.10;2;0;0
614;33.27;12.32; 2.10;2;0;0
614;31.70;12.32; 2.11;2;0;0
614;32.66;12.33; 2.11;2;0;0
615;30.44;12.33; 2.11;2;0;0
615;29.76;12.33; 2.11;2;0;0
615;32.47;12.35; 2.11;2;0;0
615;32.08;12.35; 2.11;2;0;0
615;31.89;12.35; 2.11;2;0;0
615;32.86;12.36; 2.12;2;0;0
616;31.51;12.36; 2.12;2;0;0
616;32.86;12.37; 2.12;2;0;0
616;34.12;12.38; 2.12;2;0;0
616;32.66;12.38; 2.12;2;0;0
616;34.78;12.39; 2.12;2;0;0
616;34.56;12.39; 2.12;2;0;0
616;34.12;12.40; 2.13;2;0;0
617;34.78;12.40; 2.13;2;0;0
617;33.07;12.41; 2.13;2;0;0
617;32.47;12.42; 2.13;2;0;0
617;33.69;12.42; 2.13;2;0;0
617;32.47;12.43; 2.13;2;0;0
617;32.86;12.43; 2.14;2;0;0
618;33.07;12.44; 2.14;2;0;0
618;31.14;12.44; 2.14;2;0;0
618;31.14;12.44; 2.14;2;0;0
618;31.70;12.45; 2.14;2;0;0
618;30.96;12.45; 2.14;2;0;0
618;32.08;12.47; 2.14;2;0;0
619;31.70;12.47; 2.15;2;0;0
619;31.14;12.47; 2.15;2;0;0
619;33.69;12.48; 2.15;2;0;0
619;33.48;12.48; 2.15;2;0;0
619;36.19;12.49; 2.15;2;0;0
619;35.48;12.50; 2.15;2;0;0
620;32.86;12.50; 2.15;2;0;0
620;31.89;12.51; 2.16;2;0;0
620;31.89;12.51; 2.16;2;0;0
620;31.89;12.52; 2.16;2;0;0
620;32.66;12.52; 2.16;2;0;0
620;32.08;12.52; 2.16;2;0;0
621;30.26;12.53; 2.16;2;0;0
621;30.79;12.53; 2.17;2;0;0
621;30.44;12.54; 2.17;2;0;0
621;30.44;12.55; 2.17;2;0;0
621;31.51;12.55; 2.17;2;0;0
621;29.76;12.56; 2.17;2;0;0
622;30.26;12.56; 2.17;2;0;0
622;31.70;12.56; 2.17;2;0;0
622;30.44;12.57; 2.18;2;0;0
622;30.61;12.59; 2.18;2;0;0
623;29.27;12.59; 2.18;2;0;0
623;30.96;12.59; 2.18;2;0;0
623;30.61;12.60; 2.18;2;0;0
623;30.44;12.60; 2.18;2;0;0
623;31.51;12.60; 2.19;2;0;0
623;29.76;12.61; 2.19;2;0;0
624;29.43;12.62; 2.19;2;0;0
624;30.61;12.62; 2.19;2;0;0
624;29.76;12.63; 2.19;2;0;0
624;30.61;12.63; 2.19;2;0;0
624;30.26;12.64; 2.19;2;0;0
624;29.11;12.64; 2.20;2;0;0
625;29.93;12.64; 2.20;2;0;0
625;29.93;12.66; 2.20;2;0;0
625;29.11;12.66; 2.20;2;0;0
625;32.08;12.66; 2.20;2;0;0
625;32.47;12.67; 2.20;2;0;0
626;32.08;12.67; 2.21;2;0;0
626;32.47;12.67; 2.21;2;0;0
626;31.89;12.68; 2.21;2;0;0
626;33.07;12.68; 2.21;2;0;0
626;33.27;12.70; 2.21;2;0;0
626;31.33;12.70; 2.21;2;0;0
627;33.07;12.70; 2.21;2;0;0
627;33.48;12.71; 2.22;2;0;0
627;32.66;12.71; 2.22;2;0;0
627;33.48;12.72; 2.22;2;0;0
627;32.47;12.72; 2.22;2;0;0
627;32.08;12.73; 2.22;2;0;0
627;33.07;12.74; 2.22;2;0;0
628;31.70;12.74; 2.22;2;0;0
628;31.89;12.75; 2.23;2;0;0
628;33.07;12.75; 2.23;2;0;0
628;31.33;12.76; 2.23;2;0;0
628;31.33;12.76; 2.23;2;0;0
629;30.79;12.76; 2.23;2;0;0
629;30.09;12.77; 2.23;2;0;0
629;31.89;12.78; 2.23;2;0;0
629;31.14;12.78; 2.24;2;0;0
629;29.76;12.79; 2.24;2;0;0
630;29.93;12.80; 2.24;2;0;0
630;29.43;12.80; 2.24;2;0;0
630;30.44;12.81; 2.24;2;0;0
630;28.49;12.81; 2.25;2;0;0
630;29.11;12.82; 2.25;2;0;0
630;30.09;12.82; 2.25;2;0;0
631;29.43;12.83; 2.25;2;0;0
631;30.61;12.83; 2.25;2;0;0
631;29.93;12.83; 2.25;2;0;0
631;29.11;12.84; 2.25;2;0;0
631;29.93;12.84; 2.26;2;0;0
632;29.27;12.84; 2.26;2;0;0
632;28.65;12.86; 2.26;2;0;0
632;29.43;12.86; 2.26;2;0;0
632;27.90;12.86; 2.26;2;0;0
632;28.49;12.87; 2.26;2;0;0
632;29.27;12.87; 2.26;2;0;0
633;29.76;12.88; 2.27;2;0;0
633;30.26;12.89; 2.27;2;0;0
633;28.49;12.89; 2.27;2;0;0
633;30.44;12.89; 2.27;2;0;0
634;30.26;12.90; 2.27;2;0;0
634;29.60;12.90; 2.28;2;0;0
634;30.44;12.91; 2.28;2;0;0
634;28.19;12.92; 2.28;2;0;0
634;29.43;12.92; 2.28;2;0;0
634;30.09;12.93; 2.28;2;0;0
635;28.96;12.93; 2.28;2;0;0
635;29.76;12.93; 2.28;2;0;0
635;30.61;12.94; 2.29;2;0;0
635;29.11;12.95; 2.29;2;0;0
636;28.34;12.95; 2.29;2;0;0
636;27.90;12.96; 2.29;2;0;0
636;29.11;12.96; 2.29;2;0;0
636;27.90;12.97; 2.29;2;0;0
636;27.90;12.97; 2.30;2;0;0
637;28.80;12.97; 2.30;2;0;0
637;27.90;12.98; 2.30;2;0;0
637;30.26;12.99; 2.30;2;0;0
637;30.79;12.99; 2.30;2;0;0
637;29.11;13.00; 2.30;2;0;0
637;29.60;13.00; 2.30;2;0;0
638;28.65;13.00; 2.31;2;0;0
638;27.61;13.01; 2.31;2;0;0
638;28.49;13.01; 2.31;2;0;0
638;27.76;13.01; 2.31;2;0;0
638;26.65;13.02; 2.31;2;0;0
639;27.90;13.03; 2.31;2;0;0
639;26.78;13.03; 2.32;2;0;0
639;27.47;13.03; 2.32;2;0;0
639;29.27;13.04; 2.32;2;0;0
639;27.33;13.04; 2.32;2;0;0
640;26.92;13.04; 2.32;2;0;0
640;25.51;13.06; 2.32;2;0;0
640;25.27;13.06; 2.32;2;0;0
640;28.05;13.06; 2.33;2;0;0
640;27.47;13.06; 2.33;2;0;0
641;25.51;13.07; 2.33;2;0;0
641;25.39;13.07; 2.33;2;0;0
641;24.80;13.08; 2.33;2;0;0
641;26.26;13.08; 2.33;2;0;0
641;28.65;13.09; 2.33;2;0;0
642;26.78;13.09; 2.34;2;0;0
642;28.34;13.10; 2.34;2;0;0
642;28.05;13.11; 2.34;2;0;0
642;29.11;13.11; 2.34;2;0;0
643;28.65;13.11; 2.34;2;0;0
643;26.78;13.12; 2.35;2;0;0
643;27.47;13.12; 2.35;2;0;0
643;26.52;13.12; 2.35;2;0;0
643;26.39;13.13; 2.35;2;0;0
644;28.19;13.14; 2.35;2;0;0
644;26.39;13.14; 2.35;2;0;0
644;26.65;13.14; 2.35;2;0;0
644;27.76;13.15; 2.36;2;0;0
644;26.78;13.15; 2.36;2;0;0
645;28.65;13.15; 2.36;2;0;0
645;28.65;13.16; 2.36;2;0;0
645;26.65;13.17; 2.36;2;0;0
645;27.05;13.18; 2.36;2;0;0
645;27.90;13.18; 2.37;2;0;0
646;30.61;13.18; 2.37;2;0;0
646;29.27;13.18; 2.37;2;0;0
646;29.43;13.19; 2.37;2;0;0
646;30.09;13.20; 2.37;2;0;0
646;28.80;13.20; 2.37;2;0;0
647;28.80;13.21; 2.37;2;0;0
647;28.80;13.21; 2.38;2;0;0
647;26.92;13.21; 2.38;2;0;0
647;28.05;13.22; 2.38;2;0;0
647;28.80;13.22; 2.38;2;0;0
648;28.05;13.22; 2.38;2;0;0
648;28.19;13.23; 2.38;2;0;0
648;27.33;13.24; 2.39;2;0;0
648;27.47;13.24; 2.39;2;0;0
648;29.27;13.25; 2.39;2;0;0
648;28.49;13.25; 2.39;2;0;0
649;31.70;13.25; 2.39;2;0;0
649;33.48;13.26; 2.39;2;0;0
649;32.08;13.26; 2.39;2;0;0
649;32.66;13.26; 2.40;2;0;0
649;34.12;13.27; 2.40;2;0;0
649;33.48;13.27; 2.40;2;0;0
650;33.90;13.28; 2.40;2;0;0
650;32.66;13.29; 2.40;2;0;0
650;31.89;13.29; 2.40;2;0;0
650;33.48;13.30; 2.40;2;0;0
650;33.48;13.30; 2.41;2;0;0
650;33.90;13.31; 2.41;2;0;0
651;35.01;13.31; 2.41;2;0;0
651;33.48;13.32; 2.41;2;0;0
651;33.69;13.32; 2.41;2;0;0
651;33.27;13.32; 2.41;2;0;0
651;32.66;13.33; 2.41;2;0;0
651;33.90;13.33; 2.42;2;0;0
652;32.86;13.34; 2.42;2;0;0
652;31.70;13.34; 2.42;2;0;0
652;33.27;13.35; 2.42;2;0;0
652;32.86;13.36; 2.42;2;0;0
652;33.69;13.36; 2.42;2;0;0
652;34.12;13.37; 2.43;2;0;0
653;32.66;13.37; 2.43;2;0;0
653;32.66;13.38; 2.43;2;0;0
653;31.51;13.38; 2.43;2;0;0
653;30.26;13.38; 2.43;2;0;0
653;30.96;13.39; 2.43;2;0;0
653;30.96;13.39; 2.43;2;0;0
654;30.09;13.39; 2.44;2;0;0
654;31.14;13.41; 2.44;2;0;0
654;30.26;13.42; 2.44;2;0;0
654;34.34;13.42; 2.44;2;0;0
654;32.86;13.42; 2.44;2;0;0
655;33.69;13.43; 2.44;2;0;0
655;36.69;13.43; 2.45;2;0;0
655;35.01;13.44; 2.45;2;0;0
655;33.69;13.44; 2.45;2;0;0
655;32.08;13.45; 2.45;2;0;0
655;31.70;13.45; 2.45;2;0;0
656;33.90;13.45; 2.45;2;0;0
656;33.48;13.46; 2.46;2;0;0
656;32.86;13.46; 2.46;2;0;0
656;34.78;13.47; 2.46;2;0;0
656;33.07;13.48; 2.46;2;0;0
656;32.86;13.48; 2.46;2;0;0
656;33.69;13.49; 2.46;2;0;0
657;32.27;13.49; 2.46;2;0;0
657;33.48;13.50; 2.47;2;0;0
657;33.69;13.50; 2.47;2;0;0
657;32.47;13.50; 2.47;2;0;0
657;34.78;13.51; 2.47;2;0;0
657;34.56;13.51; 2.47;2;0;0
658;34.34;13.52; 2.47;2;0;0
658;35.95;13.52; 2.47;2;0;0
658;33.90;13.53; 2.48;2;0;0
658;33.27;13.53; 2.48;2;0;0
658;32.66;13.54; 2.48;2;0;0
658;32.47;13.55; 2.48;2;0;0
659;33.90;13.55; 2.48;2;0;0
659;34.12;13.56; 2.48;2;0;0
659;32.08;13.56; 2.48;2;0;0
659;33.07;13.57; 2.49;2;0;0
659;33.27;13.57; 2.49;2;0;0
659;32.86;13.57; 2.49;2;0;0
660;34.34;13.58; 2.49;2;0;0
660;33.07;13.58; 2.49;2;0;0
660;32.47;13.59; 2.49;2;0;0
660;33.48;13.59; 2.50;2;0;0
660;32.47;13.60; 2.50;2;0;0
660;34.78;13.60; 2.50;2;0;0
660;36.44;13.61; 2.50;2;0;0
661;34.34;13.61; 2.50;2;0;0
661;34.56;13.61; 2.50;2;0;0
661;33.69;13.62; 2.50;2;0;0
661;33.69;13.62; 2.51;2;0;0
661;35.95;13.63; 2.51;2;0;0
661;34.78;13.63; 2.51;2;0;0
662;32.86;13.64; 2.51;2;0;0
662;34.56;13.65; 2.51;2;0;0
662;33.69;13.65; 2.51;2;0;0
662;32.86;13.66; 2.51;2;0;0
662;34.12;13.66; 2.52;2;0;0
662;33.07;13.67; 2.52;2;0;0
663;33.69;13.67; 2.52;2;0;0
663;34.56;13.68; 2.52;2;0;0
663;34.12;13.68; 2.52;2;0;0
663;36.69;13.68; 2.52;2;0;0
663;36.69;13.69; 2.53;2;0;0
663;34.56;13.69; 2.53;2;0;0
663;36.44;13.70; 2.53;2;0;0
664;35.48;13.70; 2.53;2;0;0
664;34.34;13.71; 2.53;2;0;0
664;34.34;13.71; 2.53;2;0;0
664;32.08;13.72; 2.53;2;0;0
664;32.66;13.72; 2.54;2;0;0
664;33.69;13.72; 2.54;2;0;0
665;32.86;13.73; 2.54;2;0;0
665;35.24;13.73; 2.54;2;0;0
665;34.56;13.75; 2.54;2;0;0
665;32.86;13.75; 2.54;2;0;0
665;34.56;13.75; 2.54;2;0;0
665;34.78;13.75; 2.55;2;0;0
665;34.78;13.77; 2.55;2;0;0
666;35.71;13.77; 2.55;2;0;0
666;33.90;13.77; 2.55;2;0;0
666;33.90;13.78; 2.55;2;0;0
666;33.69;13.78; 2.55;2;0;0
666;32.66;13.79; 2.55;2;0;0
666;33.69;13.79; 2.56;2;0;0
667;33.90;13.80; 2.56;2;0;0
667;31.89;13.80; 2.56;2;0;0
667;33.07;13.80; 2.56;2;0;0
667;32.86;13.81; 2.56;2;0;0
667;32.47;13.81; 2.56;2;0;0
667;34.78;13.82; 2.57;2;0;0
668;32.86;13.82; 2.57;2;0;0
668;32.08;13.83; 2.57;2;0;0
668;33.48;13.83; 2.57;2;0;0
668;32.66;13.83; 2.57;2;0;0
668;33.48;13.84; 2.57;2;0;0
668;33.48;13.84; 2.57;2;0;0
669;31.70;13.85; 2.58;2;0;0
669;33.07;13.86; 2.58;2;0;0
669;33.07;13.86; 2.58;2;0;0
669;32.66;13.87; 2.58;2;0;0
669;34.34;13.87; 2.58;2;0;0
669;32.86;13.88; 2.58;2;0;0
670;32.08;13.88; 2.58;2;0;0
670;33.69;13.88; 2.59;2;0;0
670;32.86;13.89; 2.59;2;0;0
670;33.48;13.89; 2.59;2;0;0
670;34.34;13.90; 2.59;2;0;0
670;32.27;13.90; 2.59;2;0;0
670;33.48;13.90; 2.59;2;0;0
671;34.34;13.91; 2.60;2;0;0
671;32.86;13.91; 2.60;2;0;0
671;33.48;13.92; 2.60;2;0;0
671;32.27;13.92; 2.60;2;0;0
671;31.70;13.93; 2.60;2;0;0
671;34.34;13.94; 2.60;2;0;0
672;33.69;13.94; 2.60;2;0;0
672;34.12;13.95; 2.61;2;0;0
672;35.48;13.95; 2.61;2;0;0
672;33.48;13.96; 2.61;2;0;0
672;33.48;13.96; 2.61;2;0;0
672;34.12;13.97; 2.61;2;0;0
673;32.86;13.97; 2.61;2;0;0
673;34.56;13.97; 2.61;2;0;0
673;34.56;13.98; 2.62;2;0;0
673;33.48;13.98; 2.62;2;0;0
673;35.48;13.99; 2.62;2;0;0
673;35.71;13.99; 2.62;2;0;0
673;34.12;14.00; 2.62;2;0;0
674;35.24;14.00; 2.62;2;0;0
674;33.48;14.01; 2.62;2;0;0
674;33.69;14.01; 2.63;2;0;0
674;34.78;14.01; 2.63;2;0;0
674;33.69;14.02; 2.63;2;0;0
674;34.78;14.02; 2.63;2;0;0
675;34.78;14.03; 2.63;2;0;0
675;33.69;14.03; 2.63;2;0;0
675;35.01;14.04; 2.64;2;0;0
675;34.34;14.04; 2.64;2;0;0
675;34.12;14.05; 2.64;2;0;0
675;34.56;14.05; 2.64;2;0;0
676;32.86;14.05; 2.64;2;0;0
676;32.86;14.06; 2.64;2;0;0
676;33.69;14.06; 2.64;2;0;0
676;32.27;14.07; 2.65;2;0;0
676;33.48;14.08; 2.65;2;0;0
676;33.90;14.08; 2.65;2;0;0
676;32.47;14.09; 2.65;2;0;0
677;32.27;14.09; 2.65;2;0;0
677;30.61;14.10; 2.65;2;0;0
677;28.96;14.10; 2.65;2;0;0
677;29.93;14.10; 2.66;2;0;0
677;28.80;14.11; 2.66;2;0;0
678;29.27;14.11; 2.66;2;0;0
678;31.14;14.11; 2.66;2;0;0
678;30.26;14.12; 2.66;2;0;0
678;31.51;14.12; 2.66;2;0;0
678;31.89;14.13; 2.66;2;0;0
678;30.79;14.13; 2.67;2;0;0
679;31.89;14.13; 2.67;2;0;0
679;32.27;14.14; 2.67;2;0;0
679;34.12;14.15; 2.67;2;0;0
679;33.27;14.15; 2.67;2;0;0
679;32.47;14.15; 2.68;2;0;0
680;33.07;14.16; 2.68;2;0;0
680;32.27;14.17; 2.68;2;0;0
680;33.27;14.18; 2.68;2;0;0
680;31.89;14.18; 2.68;2;0;0
680;33.07;14.19; 2.68;2;0;0
681;33.27;14.20; 2.69;2;0;0
681;34.34;14.20; 2.69;2;0;0
681;33.27;14.20; 2.69;2;0;0
681;32.27;14.21; 2.69;2;0;0
681;32.86;14.21; 2.69;2;0;0
682;31.89;14.22; 2.69;2;0;0
682;31.89;14.22; 2.70;2;0;0
682;32.86;14.22; 2.70;2;0;0
682;30.96;14.23; 2.70;2;0;0
682;32.86;14.23; 2.70;2;0;0
682;33.69;14.24; 2.70;2;0;0
683;32.47;14.24; 2.70;2;0;0
683;33.27;14.24; 2.71;2;0;0
683;32.27;14.25; 2.71;2;0;0
683;30.96;14.25; 2.71;2;0;0
683;31.14;14.26; 2.71;2;0;0
683;29.27;14.27; 2.71;2;0;0
684;29.60;14.27; 2.71;2;0;0
684;31.70;14.28; 2.71;2;0;0
684;30.09;14.28; 2.72;2;0;0
684;31.33;14.28; 2.72;2;0;0
684;32.47;14.29; 2.72;2;0;0
684;31.51;14.29; 2.72;2;0;0
685;32.27;14.29; 2.72;2;0;0
685;31.70;14.30; 2.72;2;0;0
685;30.44;14.30; 2.72;2;0;0
685;31.89;14.31; 2.73;2;0;0
685;31.14;14.31; 2.73;2;0;0
685;30.79;14.31; 2.73;2;0;0
686;32.27;14.32; 2.73;2;0;0
686;31.33;14.32; 2.73;2;0;0
686;32.27;14.33; 2.73;2;0;0
686;32.47;14.33; 2.73;2;0;0
686;30.96;14.33; 2.74;2;0;0
686;31.89;14.34; 2.74;2;0;0
687;31.70;14.34; 2.74;2;0;0
687;30.09;14.35; 2.74;2;0;0
687;30.79;14.35; 2.74;2;0;0
687;30.09;14.35; 2.74;2;0;0
687;29.11;14.36; 2.75;2;0;0
687;30.79;14.37; 2.75;2;0;0
688;29.60;14.37; 2.75;2;0;0
688;29.43;14.38; 2.75;2;0;0
688;29.60;14.39; 2.75;2;0;0
688;30.61;14.39; 2.75;2;0;0
689;31.51;14.39; 2.76;2;0;0
689;30.26;14.40; 2.76;2;0;0
689;31.33;14.40; 2.76;2;0;0
689;30.96;14.40; 2.76;2;0;0
689;29.93;14.41; 2.76;2;0;0
689;31.33;14.41; 2.76;2;0;0
690;30.26;14.41; 2.76;2;0;0
690;30.79;14.42; 2.77;2;0;0
690;33.07;14.42; 2.77;2;0;0
690;32.47;14.43; 2.77;2;0;0
690;32.08;14.43; 2.77;2;0;0
690;32.27;14.43; 2.77;2;0;0
691;30.61;14.44; 2.77;2;0;0
691;31.14;14.44; 2.78;2;0;0
691;31.33;14.44; 2.78;2;0;0
691;29.93;14.45; 2.78;2;0;0
691;31.14;14.45; 2.78;2;0;0
691;30.44;14.46; 2.78;2;0;0
692;29.93;14.47; 2.78;2;0;0
692;32.27;14.47; 2.78;2;0;0
692;32.47;14.48; 2.79;2;0;0
692;33.27;14.49; 2.79;2;0;0
692;31.33;14.49; 2.79;2;0;0
693;31.89;14.49; 2.79;2;0;0
693;32.47;14.50; 2.79;2;0;0
693;31.33;14.50; 2.79;2;0;0
693;32.86;14.50; 2.80;2;0;0
693;31.89;14.51; 2.80;2;0;0
693;30.61;14.51; 2.80;2;0;0
694;32.08;14.52; 2.80;2;0;0
694;30.96;14.52; 2.80;2;0;0
694;30.44;14.52; 2.80;2;0;0
694;32.47;14.53; 2.80;2;0;0
694;30.79;14.53; 2.81;2;0;0
695;30.96;14.54; 2.81;2;0;0
695;31.33;14.54; 2.81;2;0;0
695;29.93;14.54; 2.81;2;0;0
695;30.79;14.55; 2.81;2;0;0
695;30.09;14.55; 2.81;2;0;0
695;29.76;14.55; 2.82;2;0;0
696;32.66;14.56; 2.82;2;0;0
696;32.08;14.56; 2.82;2;0;0
696;32.08;14.56; 2.82;2;0;0
696;33.90;14.57; 2.82;2;0;0
696;32.47;14.57; 2.82;2;0;0
696;31.51;14.58; 2.82;2;0;0
697;31.89;14.59; 2.83;2;0;0
697;30.96;14.59; 2.83;2;0;0
697;30.79;14.59; 2.83;2;0;0
697;30.26;14.59; 2.83;2;0;0
697;29.43;14.60; 2.83;2;0;0
697;30.61;14.61; 2.83;2;0;0
698;29.76;14.61; 2.83;2;0;0
698;29.11;14.62; 2.84;2;0;0
698;32.08;14.62; 2.84;2;0;0
698;30.44;14.62; 2.84;2;0;0
698;30.96;14.63; 2.84;2;0;0
699;31.70;14.64; 2.84;2;0;0
699;32.27;14.64; 2.85;2;0;0
699;32.47;14.64; 2.85;2;0;0
699;30.96;14.65; 2.85;2;0;0
700;30.79;14.66; 2.85;2;0;0
700;30.09;14.66; 2.85;2;0;0
700;31.70;14.66; 2.85;2;0;0
700;31.51;14.67; 2.86;2;0;0
700;31.89;14.67; 2.86;2;0;0
700;32.66;14.67; 2.86;2;0;0
701;32.08;14.68; 2.86;2;0;0
701;33.07;14.68; 2.86;2;0;0
701;33.48;14.68; 2.86;2;0;0
701;31.51;14.69; 2.86;2;0;0
701;32.66;14.69; 2.87;2;0;0
701;31.89;14.70; 2.87;2;0;0
702;31.70;14.70; 2.87;2;0;0
702;34.12;14.70; 2.87;2;0;0
702;32.86;14.71; 2.87;2;0;0
702;32.27;14.71; 2.87;2;0;0
702;34.34;14.72; 2.87;2;0;0
702;33.90;14.72; 2.88;2;0;0
702;35.24;14.73; 2.88;2;0;0
703;35.71;14.73; 2.88;2;0;0
703;34.34;14.74; 2.88;2;0;0
703;35.01;14.74; 2.88;2;0;0
703;34.78;14.74; 2.88;2;0;0
703;33.27;14.75; 2.89;2;0;0
703;32.08;14.75; 2.89;2;0;0
704;30.44;14.76; 2.89;2;0;0
704;29.11;14.76; 2.89;2;0;0
704;29.27;14.76; 2.89;2;0;0
704;27.47;14.77; 2.89;2;0;0
704;26.39;14.78; 2.89;2;0;0
705;26.26;14.78; 2.90;2;0;0
705;24.02;14.78; 2.90;2;0;0
705;23.19;14.79; 2.90;2;0;0
705;22.51;14.79; 2.90;2;0;0
706;20.29;14.79; 2.90;2;0;0
706;17.28;14.79; 2.90;2;0;0
706;13.46;14.79; 2.90;2;0;0
707;10.67;14.79; 2.91;2;0;0
707;10.78;14.79; 2.91;2;0;0
708; 8.23;14.78; 2.91;2;0;0
718; 0.51;14.57; 2.91;2;0;0
719; 9.20;14.57; 2.91;2;0;0
720; 6.93;14.56; 2.91;2;0;0
720; 6.82;14.55; 2.91;2;0;0
721; 7.82;14.54; 2.92;2;0;0
722; 4.25;14.53; 2.92;2;0;0
724; 4.25;14.51; 2.92;2;0;0
727; 1.76;14.45; 2.92;2;0;0
728; 3.00;14.43; 2.92;2;0;0
731; 1.94;14.38; 2.92;2;0;0
732; 4.51;14.36; 2.93;2;0;0
733; 7.96;14.36; 2.93;2;0;0
734; 8.37;14.36; 2.93;2;0;0
734; 9.70;14.35; 2.93;2;0;0
735;14.60;14.35; 2.93;2;0;0
735;12.37;14.35; 2.93;2;0;0
736;11.40;14.35; 2.93;2;0;0
736;11.50;14.34; 2.94;2;0;0
737; 8.48;14.34; 2.94;2;0;0
739; 2.40;14.30; 2.94;2;0;0
740; 5.88;14.29; 2.94;2;0;0
741; 6.56;14.29; 2.94;2;0;0
741; 8.52;14.28; 2.94;2;0;0
743; 2.83;14.25; 2.94;2;0;0
744; 9.40;14.25; 2.95;2;0;0
744; 9.90;14.24; 2.95;2;0;0
745; 7.20;14.24; 2.95;2;0;0
746; 7.82;14.23; 2.95;2;0;0
749; 1.53;14.17; 2.95;2;0;0
750; 4.79;14.16; 2.95;2;0;0
751; 6.74;14.15; 2.96;2;0;0
752; 4.54;14.13; 2.96;2;0;0
754; 3.74;14.12; 2.96;2;0;0
754;13.16;14.11; 2.96;2;0;0
756; 3.17;14.09; 2.96;2;0;0
757; 5.56;14.08; 2.96;2;0;0
758; 6.99;14.07; 2.96;2;0;0
759; 5.04;14.06; 2.97;2;0;0
760; 4.47;14.05; 2.97;2;0;0
761; 5.16;14.03; 2.97;2;0;0
762; 6.43;14.02; 2.97;2;0;0
763; 4.52;14.01; 2.97;2;0;0
764; 5.89;14.00; 2.97;2;0;0
765; 4.61;13.98; 2.97;2;0;0
819; 0.10;13.07; 2.98;2;0;0
820; 5.32;13.06; 2.98;2;0;0
821; 4.35;13.05; 2.98;2;0;0
822; 4.26;13.04; 2.98;2;0;0
824; 3.75;13.02; 2.98;2;0;0
824;28.05;13.03; 2.98;2;0;0
825; 5.31;13.02; 2.98;2;0;0
825;10.32;13.02; 2.99;2;0;0
